,class,aa_000,ac_000,ae_000,af_000,ag_000,ag_001,ag_002,ag_003,ag_004,ag_005,ag_006,ag_007,ag_008,ag_009,ah_000,ai_000,aj_000,ak_000,al_000,am_0,an_000,ao_000,ap_000,aq_000,ar_000,as_000,at_000,au_000,av_000,ax_000,ay_000,ay_001,ay_002,ay_003,ay_004,ay_005,ay_006,ay_007,ay_008,ay_009,az_000,az_001,az_002,az_003,az_004,az_005,az_006,az_007,az_008,az_009,ba_000,ba_001,ba_002,ba_003,ba_004,ba_005,ba_006,ba_007,ba_008,ba_009,bb_000,bc_000,bd_000,be_000,bf_000,bg_000,bh_000,bi_000,bj_000,bs_000,bt_000,bu_000,bv_000,bx_000,by_000,bz_000,ca_000,cb_000,cc_000,cd_000,ce_000,ci_000,cj_000,ck_000,cl_000,cm_000,cn_000,cn_001,cn_002,cn_003,cn_004,cn_005,cn_006,cn_007,cn_008,cn_009,cp_000,cq_000,cs_000,cs_001,cs_002,cs_003,cs_004,cs_005,cs_006,cs_007,cs_008,cs_009,dd_000,de_000,df_000,dg_000,dh_000,di_000,dj_000,dk_000,dl_000,dm_000,dn_000,do_000,dp_000,dq_000,dr_000,ds_000,dt_000,du_000,dv_000,dx_000,dy_000,dz_000,ea_000,eb_000,ec_00,ed_000,ee_000,ee_001,ee_002,ee_003,ee_004,ee_005,ee_006,ee_007,ee_008,ee_009,ef_000,eg_000
class,1.0,0.32346645462808993,-0.03926116338769141,0.005740259849281636,0.01612719141363528,0.01819781008046613,0.15729623003637103,0.33695656495312293,0.4363781744319738,0.3849520972185926,0.46545177337147714,0.38637330269380116,0.25879458796061094,0.12441115410083134,0.08627103583531061,0.5398675488640315,0.13038637129538921,0.029097184193928302,0.014736233959538662,0.3842531315865012,0.3918465752933994,0.5399002718195685,0.5362267084355189,0.5258308122960275,0.5398882654943177,0.20355246927002552,0.028475096064445267,0.13202011577559494,0.07615302623916867,0.16526535221820296,0.14800872477328855,0.1333052849175706,0.1160158361360309,0.15999855483094433,0.18595707553185264,0.17397952630604416,0.20829079182713928,0.2447609987901743,0.3300721605513923,0.41735700475043974,0.04373362275556338,0.21537430051920178,0.28504237426423257,0.16895977962003064,0.11711568994369229,0.37692568149210853,0.4491478950794346,0.08694807655892325,0.22340897248379735,0.04188178398252475,0.002069208767427544,0.4555609623037962,0.4542865710058447,0.4472707172711343,0.48304200853113,0.49991987485006906,0.47342145858284995,0.4095631284602845,0.35478614178410905,0.2642266646265297,0.23578991442218872,0.5571549420285892,0.2373400122457185,0.2323701809901526,0.14934135953011216,0.23749916633984489,0.5386168417574794,0.5122030472744983,0.4398449979639955,0.534249171009872,0.2011571734909386,0.3234385258695972,0.5560135364053992,0.5560135742009351,0.5275259327931577,0.5218696543328102,0.21972256083164843,0.05526170125720903,0.07086264142952123,0.5345929693347903,,0.24064142970326616,0.5705018725568439,0.30991478283115736,0.48048776731550674,0.1852181873632766,0.37279136962393533,0.21423462777256733,0.3575933110485178,0.37879934007463645,0.41957617999804064,0.49294046328736446,0.3896447712806547,0.21000115798265387,0.20357111547832,0.19375489346634817,0.11200703067674454,0.0689990738278297,0.5560135227336156,0.3534024316319939,0.32909586586959266,0.391153629840057,0.4047128711881599,0.4488963714714483,0.46576631287341425,0.24474159979809987,0.0632879682588506,-0.0005534548304177942,-0.0006916585661257133,0.36762929685413653,0.2513032227992925,0.037020778697978776,0.20057187548147257,0.044431177001260286,0.24566989711462864,-0.0007504166661314097,0.015351961913233967,-0.0024303349005663456,0.00427385551634838,0.5078510868364992,0.376299997711288,0.3551336775741152,0.10925096069744476,0.19971121470198827,0.43980970925895907,0.4426233466015489,0.2310627552482052,0.2704568242346198,0.19273293486268744,0.14070040859904462,0.031711332485032016,0.010406445935377557,0.2516188760232308,0.38253725526530835,0.4071275364802944,0.4289300706621417,0.38164643047235347,0.46637144856544077,0.4555952643695254,0.44392887773028744,0.5034617843572543,0.4254566737183177,0.1771960049886522,0.23975575356889312,0.11908666877942174,0.015203769825857485,0.013074685627681248
aa_000,0.32346645462808993,1.0,-0.03234723577157577,0.061710186871749506,0.08610987671509947,0.011695213492339209,0.076467353485016,0.19538897853792048,0.307803226072754,0.35787511299026614,0.4464209990025,0.3797992616938775,0.27150861537345167,0.12380966505697608,0.044742358771026405,0.9119000015635951,0.1359284174095108,0.06274138415024415,0.043300870324047946,0.4978856310387454,0.5021418072154099,0.9190510281660954,0.9242533998656961,0.8208409923858478,0.782027894342819,0.21762641554552015,0.055989722835791005,0.06856457193663845,0.03235219847671501,0.1863696564018887,0.2759344025296513,0.02826772764036614,0.016654057249731617,0.05588982270558498,0.06402909425729615,0.08773461179904711,0.14749080145048024,0.2666850305270968,0.38729492241054003,0.338590840896051,0.009998026630278715,0.17332151717563923,0.22200218938984476,0.1458187242890861,0.1050113888999146,0.3801659931701403,0.41217867931862473,0.09440742095642325,0.10023285840937801,0.03683969290858374,0.009399928598141082,0.3858470784712662,0.45792884347297846,0.4700226691247926,0.48111749278575333,0.47192873229594323,0.43709961659477975,0.391050940716063,0.35666093541550686,0.27039800379377027,0.2218645997611675,0.9172013834823382,0.41818656069551324,0.4677985251680034,0.3901384155545859,0.3712960368166071,0.911711629156073,0.8403195064296664,0.8041205584690861,0.7372800359407484,0.28552046779953444,0.9999999999976328,0.9169447224308702,0.9169446742243161,0.4800291468793695,0.49430657945592094,0.4408910555392445,0.23189442921227052,0.20700714622102584,0.47955496549031973,,0.49612307563788394,0.679332911800769,0.2265525788897763,0.5149118481751177,0.09457426767783941,0.2824124804782229,0.0878782262106282,0.2216216699928373,0.3305009803041772,0.41120568588762896,0.4512471482118332,0.37960854424886076,0.2363434069120316,0.19344761873431712,0.1651254523359618,0.09854913484882585,0.19177920398265297,0.9169447079225868,0.35137989362515315,0.3068936027103054,0.3199860911408859,0.34103261705230564,0.40078900686882374,0.45987251336752516,0.25809122791855316,0.08738224540025483,0.011196992022605818,0.012177099394124966,0.6145970925712395,0.35541130501742246,0.037935345106803256,0.09097883203659969,0.015344654457887739,0.20841302323436597,-0.0022794046925043074,0.04965760997418915,0.000628751511236306,-1.3326070787497782e-05,0.7851050374069087,0.6902838270369396,0.6925931772057073,0.2631747442401091,0.5286327090207829,0.8183883473864508,0.8119411494470079,0.46195005691434204,0.52229100681665,0.5546493368164985,0.3754344284044267,0.02230467925251709,0.026856027218352202,0.5624958900234891,0.34701023451991064,0.36289026828917736,0.3488386489982817,0.3128710644485294,0.41466834856084633,0.4204627372047189,0.41019677659865583,0.4203312360594987,0.42623780739960027,0.3574373355828529,0.2600090419485527,0.13393908930728327,0.016891825713345753,0.026090939267605393
ac_000,-0.03926116338769141,-0.03234723577157577,1.0,-0.00481485398728987,-0.010873264104544126,0.015633039377900698,-0.0027488940258264495,-0.014891023957761828,-0.035797170747239156,-0.047488202040088225,-0.027895909476788876,-0.0019520247988524938,0.02048390613905613,0.008695641238804978,-0.0025800683288877747,-0.041396156830395325,0.015013937682937156,-0.006574940923800789,-0.0023954795034863167,-0.04837219328740243,-0.04875112312797804,-0.030981055894196915,-0.03343517087615153,-0.03811681762941744,-0.01722234448275742,-0.03896294936949709,-0.0035190512801443765,-0.0019582935136925636,-0.003369362632980156,0.019324790485319286,-0.004915309623097817,-0.006642685767796344,-0.006508652448034164,-0.009521265513628703,-0.012212090045557709,-0.010342111723293588,-0.0029567488112125224,0.0066145585903651365,-0.027494483915229562,-0.01659270675337626,-0.0014682971990222784,-0.016784771882405885,-0.030363997868100866,-0.017072680617671573,-0.0381921348645538,-0.08030667120514119,0.021434902880461657,-0.007003898383909805,-0.024835633192395658,-0.01700789027860488,0.009687212210347814,-0.03389540110132765,-0.009101277363903917,-0.021845803644281136,-0.012845861993166795,-0.009129066090035165,-0.011848920733412698,-0.005729032898299939,-0.0071019302724625935,-0.03351892794591022,-0.021905084588741002,-0.03435055344514887,-0.02108071956639046,-0.01608077751582499,-0.023547183071249915,-0.04529089343993274,-0.04149475105867702,-0.03884345071012091,-0.03508026269645057,-0.03541142123773157,0.010620897756684084,-0.03220981922537223,-0.03440475446428507,-0.0344047654825762,-0.02879405593713621,-0.01913425026984207,-0.06213376354355853,0.03854993489277189,0.0317406316589021,-0.026303718377438993,,0.05758515426820434,-0.03336412824303819,-0.023139089914302365,-0.03152298459998433,-0.02790782311292886,0.03518169925490995,-0.011487377415975953,-0.023807129665734183,-0.045328521151855664,-0.04434650258442319,-0.027850369589762076,0.0022267410352165887,0.021352369251114375,-0.01197158847082503,-0.018899194539310986,-0.018241348368385278,-0.010881880271315661,-0.03440475696926854,-0.012796778345814568,-0.02609112817531478,-0.03341704296329612,-0.011248186906715175,-0.03954567285733178,-0.020355090531227478,0.017859482665359604,0.008240998475568697,-0.0024656911384216195,-0.002137933263434248,-0.03676225546516701,-0.017040518376521343,-0.003304948863563705,-0.010793064710783812,-0.003446787343263346,-0.018413498723383857,-0.002606738237061265,-0.002672049585553324,-0.0053306486235390445,-0.006688675081750274,-0.028251220109415425,0.008416494105679347,0.14401691422700164,-0.03321618513678039,-0.035929082366803616,-0.059682126680822865,-0.04356309050829596,0.17454052950138935,0.11605577770750383,-0.028549988551291115,-0.028600700793759426,0.00677035775771474,0.007453906535151401,-0.04465972119702853,-0.04585478344735385,-0.023869622463054182,-0.02320855056771039,-0.021519841569957645,-0.014405826408476732,-0.008913495409360386,-0.010955871349014691,-0.012941245156704554,-0.022055855254258704,-0.02915830987344854,0.014777229152799963,0.020837094923666036,-0.006539053000577831,0.01582561137158235
ae_000,0.005740259849281636,0.061710186871749506,-0.00481485398728987,1.0,0.8299855811780056,-0.00044241950738833214,-0.0006845920286987698,0.0026651089330272104,0.02804600102138432,0.062226631159728686,0.05285546859249417,0.0003970951574792713,-0.009286632039368204,-0.0023429992865188027,-0.0009408631843257698,0.04758745972206,-0.001234890199003598,-0.0007260402712173644,-0.0005080296081290393,0.0378605580978982,0.03811592768474507,0.051780948098537304,0.05468698947100765,0.048051140972962474,0.029908031050465942,0.014453928622544202,0.017031716924146723,-0.001521745049581808,0.0028233012043935362,0.0031989559638567326,0.08086747446392131,-0.0007569887835360103,-0.0006805274120166583,-0.0009796713105121168,-0.0012722569709542558,-0.0010506706200487958,-0.003523920470549171,-0.01216666375037485,0.03520497048232289,0.043688291982476375,-0.0005106454699972513,0.008482800541495887,0.01836092967455716,0.008995048249038396,-0.003841724819815048,-0.0008715289476774534,0.03334325590979209,0.09496483141104999,0.017424565422963896,0.023930850516063532,-0.0005432232473664118,0.02870003734707083,0.05362657782275957,0.04243864858786009,0.02829556742972215,0.020823579867293003,0.01067469304266777,0.00162341998774368,0.0038429385801232205,0.022397193239458903,0.03841799644895481,0.05269497022739285,0.08857077080354227,0.10272990689760707,0.08682513615282979,0.004038050888601443,0.04756749530222413,0.03566681452860585,0.05718976646780414,0.032177376534843254,0.026010271296647982,0.06170148886662186,0.05269000283406239,0.05268999445414201,0.04055757091893364,0.030528544737007522,-0.004635776720239425,0.015204890887305223,0.01909436419703245,0.03640446085359311,,0.06597842825516238,0.0529023853083982,0.0027053435918485895,0.03186707645184416,0.0005607188835433468,0.060887132806931955,0.0012210211879737415,0.011571634540186632,0.047797218829219355,0.051837826738094464,0.027556049361977704,0.013008612710330521,0.01651192620443577,0.027405478582290067,0.016767017654070543,0.0020348137906331144,0.01764105304357654,0.052689999324097306,0.03752781438148852,0.039309846801454475,0.021556767554414148,0.016651140967398073,0.022599866065997166,0.04118398282549713,0.010751266071266868,0.005275559470332832,-0.00036049043386496244,-0.00016607388806152615,0.05805052889233661,0.06409611560235629,-0.00023713725882089145,-0.0010732236787482112,-0.00021362232866826308,0.0121574875868797,-0.0003339854124027435,0.0003622026002508508,-0.0011261736372430468,-0.0012203994211654084,0.0302649643344717,-0.00019225708611498253,0.003918848512881786,0.01401732450805359,0.06895490739897149,0.0420846385845007,0.04235337498997929,0.042465407858146176,0.02285951600926782,0.13235652057336988,0.049798151049364144,0.07236874623487924,0.05704775955748079,0.015064966512189254,0.03825882670070147,0.044626118225308535,0.018736038123956654,0.01038132120795196,0.016892743304099136,0.02474873379993469,0.01615670172412674,0.036121427035569774,0.08890007562354617,0.05095510759963021,-0.010310150976684983,-0.008023840238222342,0.06362702442319827,0.030873472570460612
af_000,0.01612719141363528,0.08610987671509947,-0.010873264104544126,0.8299855811780056,1.0,-0.0005419358277830834,-0.0008304088370694,0.005973213168560313,0.04183951361072075,0.08998184786057827,0.0754578671891532,0.005160830569417103,-0.010033924291474162,-0.002274895652127371,-0.0010663336157537475,0.06889880272467273,-0.0015653658346704976,-0.0008822543938072478,-0.0006207920713652853,0.051343813565515185,0.0517395604444394,0.0737071873457106,0.07800048904220543,0.06784157177054584,0.04103132629239357,0.02174880421843528,0.005652273496102414,-0.0020083171147780294,0.0006322200861289491,0.005058823387409093,0.10187027843067051,-0.0009272838427133486,-0.0008336040359680893,-0.001200040039170143,-0.0015585845174835471,-0.0012464791001606935,-0.004192241998698946,-0.01478933476521293,0.050388183091067046,0.06632218029334692,-0.0006134377522745199,0.01372127435660648,0.029550869275655013,0.014523298443946677,-0.004033935785466667,-0.0006556922667767226,0.05809659153165035,0.09612357990083685,0.02410729546110732,0.02454096260528707,-0.0006659434387200991,0.0411195417016236,0.08651687063467915,0.06451458464036895,0.0418833323020418,0.029950053213969766,0.01664468624039693,0.004026921278191206,0.006831447922290204,0.030310303466509144,0.04826698379173467,0.07474299586519345,0.15129520032985264,0.15304710100497995,0.12156321879515453,0.005034053757763796,0.06887563889439005,0.05304832174878553,0.08296048689081562,0.043252069196137354,0.03280700095815525,0.08610020414099481,0.07473577097077994,0.07473575959531037,0.06245890870111581,0.0462016590210103,-0.0052618609408533,0.020839704490687273,0.02223763169924266,0.05603913486271295,,0.0928111239403182,0.07525606235114318,0.005844623558691996,0.04174795283412806,0.001531233204069478,0.09147343983200311,0.0025255498040003543,0.02169829374576601,0.07649792496805213,0.08294603078666869,0.042559504030522194,0.017321602220867656,0.019363677089733536,0.03369650775751308,0.021312735526983484,0.0037251410237070007,0.019381157194529493,0.07473576629371015,0.055643451738748656,0.060162220100537775,0.03136006608883396,0.02569390832916667,0.04601566855630479,0.058284254330492266,0.013702429732875021,0.007598259909558766,-0.0004016115084675847,-0.00020434321147407472,0.0719045842980826,0.08535243594926055,-0.00032763632001136985,-0.0013601199522457925,-0.00020278814905782375,0.019048650679401067,-0.0004096730995598613,0.0006441564046240504,-0.001385532454998057,-0.0015015373231028002,0.0439729073416938,0.00390229875748106,0.00935788402272648,0.023391357963685536,0.10121970809984689,0.06689821451556938,0.06360551267369448,0.04102813754950287,0.022596965748739286,0.1841868294789001,0.07231213326592233,0.09848808082129104,0.08421188032940613,0.015886583328937786,0.05770308285193986,0.0693715732866584,0.027937654409770876,0.018121479691312243,0.029877567408390305,0.04366344232741217,0.027689865267375196,0.05875531597974417,0.12990327057590872,0.06473253905871267,-0.013331752742535527,-0.009863308115973298,0.09348159975543709,0.04437192704467268
ag_000,0.01819781008046613,0.011695213492339209,0.015633039377900698,-0.00044241950738833214,-0.0005419358277830834,1.0,0.21633185731567822,0.14026045004204404,0.07936774610058153,0.057094369164544904,0.04052740595891193,0.026980129971507855,0.019205389119609416,0.02253226305151169,0.0033470764151386826,0.02225075604137613,0.04742039844474038,-7.376522942656799e-05,-0.00010998738618491525,0.023498003758012573,0.02237532403064087,0.01881412309785178,0.015378370904773375,0.027633457828372367,0.04012715468391962,0.0032397356490700656,-9.485933352688308e-05,0.0015578218422829604,-1.7052731359288278e-05,0.03263865026700702,0.018660683785727668,0.010978665862283507,0.006655467518391631,0.0011622278788739017,-0.00018491661816720552,-0.00031629365284721795,0.01154436404147692,0.005381002778445853,0.02580437257953027,0.08408857285975026,0.0018739615550050184,0.012641953104015884,0.02425248817430588,0.01524763092200459,0.021415832274235953,0.03641369338209675,0.05302032515937648,0.004564354338900981,0.017281653436970214,0.0002342794704325067,-8.175467579015654e-05,0.044615481030700725,0.05991536103264549,0.046124395360886195,0.05061878587181129,0.04952597720786615,0.039183142736478195,0.02778733056265718,0.04430424632589938,0.05293260270670424,0.06614633019902663,0.022520191872576145,0.0021607236387163873,0.0036073360126566527,0.0033848161399979704,0.003620025861162521,0.022266040765622934,0.028698848469110336,0.015529832962756259,0.03406305492894661,0.003638959519721908,0.01169269418981031,0.022005259152405768,0.022005257268639087,0.054050954226442155,0.0295670400204415,-0.0004404189572212166,0.012236017072997181,-0.0002629893704984974,0.05535634050970748,,0.03587848825179889,0.023031500624709895,0.011010243218570755,0.033330743004662065,0.0011796048824451305,0.005685959170671589,0.16050472474187505,0.12723193096526222,0.06183856157678833,0.049023730829668606,0.03446976544708937,0.04249580965473895,0.031053697773071307,0.0141573482753986,0.010748960030336326,0.002434533686469353,0.00465951821240262,0.022005258388372327,0.042119757349249776,0.03158678610331412,0.041585461410937705,0.0719969124835227,0.052279107739281336,0.04632988446860713,0.019445706005373525,0.005138633486815526,0.00010490045434543011,-5.5779249580222844e-05,0.02394286479952634,0.0601605169781212,0.004252028907262723,0.006600754192174624,-7.352600086914966e-05,0.0017649216318304816,-7.326527044276773e-05,-0.0002440202122258407,-0.00023900070198612795,-0.00025909047772079127,0.03330022529279229,0.02103818980632442,0.031592542278104194,7.491217512435895e-05,0.0024808406823719135,0.019071497601203403,0.020471651551224605,0.059444671246908644,0.039817472485499744,0.0021641454061728208,0.0006860705130646048,-0.0001933558425574031,-0.00026547038748013664,0.027319668218874237,0.017546908205748647,0.01873604243794936,0.06734111183544833,0.045288343994035966,0.04594092196779558,0.05163525479051955,0.05210563400530091,0.048415906707744504,0.032208216459814795,0.0076314158239646985,6.709355531826032e-05,-0.0011029911098002115,-7.57456855839762e-05,0.00015672927331240137
ag_001,0.15729623003637103,0.076467353485016,-0.0027488940258264495,-0.0006845920286987698,-0.0008304088370694,0.21633185731567822,1.0,0.7947542329902446,0.5274262248884146,0.3592404026967523,0.22566785900256336,0.04400503204115361,0.013730376544920805,0.030351080271036886,0.026991849083625542,0.08725146724980251,0.007359871945679874,0.003498732693301256,-0.0002709834612033936,0.20849904636828956,0.20915075693506255,0.0856680012595476,0.09917887559544769,0.0908759037100786,0.08348577541159158,0.04073420544092815,0.0028418040756299986,0.017863252077993975,0.009233452314742189,0.053018927210337366,0.05615604656738696,0.0013528365080701427,0.0007687447572893985,-0.0003548814854993625,-0.0007772737296790099,-0.0006923260961630512,0.0009314980632609607,0.013973782593945402,0.18476469368997855,0.3444549329601315,0.01562158832544093,0.08317744907370138,0.14926019906576068,0.09311792689760755,0.02382640117358079,0.10165783255137834,0.2880513880718812,0.04275215654678393,0.1287954342800435,0.01623654125385148,-0.00022884987314831625,0.18214855230061122,0.28591568300796194,0.2371920556008407,0.24851441054131754,0.23908764324673357,0.1897599062062147,0.125537812763821,0.1609168239995214,0.3032111914156135,0.39542015120142016,0.1001160173199598,0.03340667900178232,0.038312597354813516,0.028523190251301064,0.028564192965071494,0.08513928057182246,0.07756479415002798,0.0628086145779431,0.10732154889863908,0.02720991029643224,0.07632453704675256,0.09543560265586488,0.09543559583985214,0.2518562474362761,0.12914937686260267,0.001614963295395526,0.01061389182891583,0.0067592343918111315,0.2574039964567142,,0.04415215096047346,0.10108636797917622,0.11774427016396297,0.10103249922546977,0.06726529976558496,0.17404450265135138,0.8609603952854528,0.7717105486863356,0.4200017726062569,0.32376376021371417,0.1872946238238259,0.06999883880247594,0.03501841081090295,0.053838244337497954,0.0665424906793427,0.02182925111872519,0.009017072999433532,0.09543560024432873,0.16549087834488643,0.1436611892730103,0.21945943261582004,0.2631397731528247,0.29687379427717214,0.21180456172429454,0.0397994395584151,0.009231915819908575,-2.2295402249116393e-05,-0.00011381856745474694,0.05344598659565398,0.028333151885671107,0.05965021006392592,0.11524354152872188,0.002917428481159979,0.1125625556232698,-0.00018134350262939353,-0.00021016480842236422,-0.0005918038875091148,-0.0006415493789665044,0.08405048708598294,0.035739075556972234,0.03849131855293281,0.016450005371319295,0.0375773495769155,0.05039674698427107,0.05371034058865946,0.022352316963400714,0.017026997502438218,0.0375054171491103,0.017081728543920188,-0.00024018782739230793,2.3021810121450136e-06,0.06470003385211945,0.11559215037339163,0.08671405331768423,0.3052321830500664,0.15161686866227062,0.19933195524892883,0.18475692653579487,0.20215088371610035,0.3006582747547288,0.23927190854725378,0.06804395771426085,0.005355937686924688,-0.003541654236397175,0.0013069605101847252,0.004185999624584432
ag_002,0.33695656495312293,0.19538897853792048,-0.014891023957761828,0.0026651089330272104,0.005973213168560313,0.14026045004204404,0.7947542329902446,1.0,0.7949454564551851,0.5596481341925902,0.35669027627158556,0.09096334416364138,0.05145307000081221,0.08109994475669295,0.0680413630643471,0.23042162953734696,0.018983907235271567,0.00864601101948077,-0.0004972222799568024,0.419749347441015,0.4249066712476419,0.23323796581654976,0.2553462408122251,0.2602138165654665,0.22731719999128958,0.15166808707121424,0.02615033710027857,0.05988530073870617,0.037407371817050006,0.12285066413347968,0.14373764547359136,0.0004947883381211749,-0.0005045754483609245,-0.0010197181126181353,-0.0010477737820350458,-0.0008518586677614857,0.03627905457026816,0.04303543468302414,0.3417514763583031,0.45917327839594657,0.0348872551564787,0.19255316122569904,0.2616911609390901,0.15069221051525394,0.04862322527175384,0.24982182227222294,0.3862931154301203,0.11073464965367583,0.31263614464417,0.05206499296493081,-0.0004946590796159713,0.30327801348995476,0.4387243861368625,0.4090404787174362,0.4186358072625048,0.38767526404913244,0.29275337397806495,0.19348400530505921,0.25210084835635305,0.3614670495620384,0.46114430284563523,0.2653330487166039,0.1450067272565255,0.15730643048312995,0.09888963105020683,0.09174942213911572,0.2276420430997811,0.2140526429800893,0.20163749149005414,0.2829835036221706,0.07748568994454583,0.1952143521740665,0.2621502894706856,0.26215027161890364,0.3760623266575195,0.31270831934594734,0.008542892918604779,0.019588590215126454,0.0243801673076872,0.3784127747952789,,0.14610969925198306,0.26636867691376587,0.26521344041226474,0.26521724058941454,0.1288859368327476,0.4144231283814364,0.7458780332349036,0.8941794165623608,0.6486202648559093,0.4901448876862396,0.283763134256936,0.14196222639496459,0.1314556980170624,0.18866853042890228,0.1729593605616974,0.05105023230345964,0.02547800496708917,0.26215028369093213,0.25451479775529756,0.20753137424976817,0.38559598956277724,0.3826643759862692,0.3931879246361563,0.34704025688512147,0.13327712326800362,0.03899231609448671,0.00039240455929641393,-1.8384294439376755e-05,0.18482322064060766,0.13183359695529157,0.05163883105233945,0.15924961952116592,0.022040334753968424,0.23500014172815742,-0.0003304479397249378,0.006469445197862385,-0.0011813512239703052,-0.0012801665852291211,0.22368933134630262,0.11433490289249747,0.12312944662964531,0.10604952869799172,0.14951742101329074,0.1862872978432741,0.19043634065822937,0.08384360656861492,0.0641037606753588,0.1512954233764866,0.06836707230674414,0.0018437404862308218,0.005252874209413243,0.13461456309754058,0.2325993069507579,0.2037487741577554,0.4428329622889595,0.23247937610758806,0.30024819395834607,0.28449037947498557,0.3060254560144906,0.4766461802667681,0.4025489900895244,0.18255274771908458,0.009137919501866895,-0.009118686249090034,0.008244608019795364,0.019652300129179307
ag_003,0.4363781744319738,0.307803226072754,-0.035797170747239156,0.02804600102138432,0.04183951361072075,0.07936774610058153,0.5274262248884146,0.7949454564551851,1.0,0.8765140600425166,0.6105827947433446,0.15857294211608775,0.0645407280616459,0.10322945659905414,0.07269921274539434,0.41422790540799787,0.026016062564601535,0.008343801985884896,-0.0010485208780710077,0.548006716721797,0.5584742948748607,0.4287524739153916,0.45727313869480246,0.4524198013901315,0.3727729992614587,0.269021350726174,0.06091474220863274,0.07311576506642792,0.05578291152173856,0.14176216151395168,0.20667691025407584,0.015650536854687036,0.002390766239938461,0.0003823097888546759,0.0023690721955315973,0.001907887768607127,-0.0008475606373770604,0.04823232808577994,0.5713002497825046,0.668323197169461,0.033109187268685565,0.32238316191106803,0.37257619352941557,0.20865063440101853,0.06090220793074038,0.3913632098209468,0.5809102693089738,0.20649074753284466,0.4301387844344875,0.08948929200324886,-0.0008853478946581918,0.4578243799606232,0.6851871012505081,0.6754567670603417,0.6516320375575995,0.5709043399983532,0.41524437264484915,0.27019144021674046,0.35018443137317073,0.4879472169848596,0.6296340954375126,0.46533371719202893,0.30402378488915327,0.32164486297865524,0.2619415660382084,0.14960385549875324,0.4125508947241602,0.38152235097031745,0.39424897624754907,0.4504688015531692,0.13270817689818695,0.3075579730944244,0.46334315687669203,0.463343123711035,0.5595910866384648,0.48647206054684394,0.019266564826882496,0.04873572105172587,0.05634936411274268,0.5532161657265866,,0.3107959386935721,0.44478174392217346,0.35766468130828266,0.4105606967718604,0.16940644471690272,0.6453512081470512,0.5297012938678018,0.889725077987667,0.9093728897724259,0.7694809355193954,0.4658198583481998,0.2436147935783518,0.20719419538861408,0.31307778652510854,0.26868718440446454,0.08145915675186037,0.07148989946334121,0.46334314715298,0.4337438382195952,0.34590896023624756,0.5331162631747042,0.5478520348419984,0.530374348234609,0.557651349135712,0.27520630844485067,0.10400736679528022,0.004747239533560114,0.00902214567020062,0.36011666767609785,0.25232783532420294,0.03603445448692564,0.17825989626211197,0.04780333510753025,0.2826164621919548,-0.00014402871870775115,0.03847119684193362,-0.0017469933022691076,-0.001753614697365671,0.3625289065406735,0.16498066971039976,0.18197125338529513,0.2317352811265075,0.34725097928841353,0.35606875619131856,0.3596167013292834,0.1263915106220703,0.09979683676935824,0.3728994744779113,0.18221760921449923,0.01740973415950351,0.013284483233080081,0.2315426724881468,0.4046639315105335,0.36738785264685764,0.6107465250661854,0.3264024994868348,0.4726432295908144,0.4455663771463127,0.4524608809266576,0.6270969538826746,0.6162863404684419,0.47648165883574856,0.02072388001297541,-0.01819839844197651,0.015860109673967577,0.015238557238702103
ag_004,0.3849520972185926,0.35787511299026614,-0.047488202040088225,0.062226631159728686,0.08998184786057827,0.057094369164544904,0.3592404026967523,0.5596481341925902,0.8765140600425166,1.0,0.800480307251866,0.2447374897982043,0.1055692618746313,0.12638809857329816,0.0589051804056848,0.5463380377123107,0.05804049724830566,0.0085851853416512,-0.0002360824658922834,0.4936890306411599,0.5050738213545647,0.5660808660209802,0.5887950614791494,0.5606144364612886,0.4693421684089409,0.2840087556093274,0.06385023996893517,0.05780237887039846,0.04365841176814416,0.13565563869556285,0.2543676047692212,0.11894005847897421,0.06833221669961159,0.02877658032253427,0.03618983408461281,0.027947524341270607,0.024464923230142634,0.07863548560985827,0.672168586380599,0.7653662300910192,0.027267616394779596,0.31196352957761814,0.3597863470363934,0.20767880823262316,0.06691262547239918,0.440231163340588,0.7162912892351372,0.2955864304608321,0.4152450338470744,0.09763117179245251,0.0005037826158205268,0.5784691537599401,0.8118751991570113,0.8177929364565578,0.7627267644565036,0.6562157525390386,0.48008143564314554,0.31780035471624557,0.3923856219174088,0.5360655718301338,0.6878030693214431,0.5907474663973418,0.38815740779476443,0.41422605325702455,0.3566642800171668,0.1762627219631366,0.545629706664174,0.5101755892071523,0.5261756312403733,0.5252062549241574,0.16992967707321277,0.3577210573275627,0.5894502190429213,0.5894502080604923,0.6708869909351066,0.5657974885392506,0.06695576764777322,0.08347361234863206,0.09102055854377938,0.659092559051373,,0.4148745289843383,0.5627820036681518,0.3521416181698794,0.5060729539750417,0.15374099608672154,0.6713020201674952,0.3746661414089903,0.7043859066450048,0.8956425054699269,0.8966537967067166,0.6017848737112054,0.35089966764537234,0.2996978808210334,0.4005928352913195,0.3323261675667331,0.11289721300567637,0.1069694045839979,0.589450217066794,0.5623429640145746,0.45999143102875767,0.5993857319049688,0.6382622595844613,0.5785790876643363,0.6861383271690843,0.4123240589762282,0.17210032447566792,0.0168260716818564,0.02309865004458457,0.4664328400563557,0.2985259660304425,0.022848335028323934,0.14630192725079408,0.03917707731821043,0.2609323169189951,0.0024253654286367247,0.06682264749399383,0.007803519859909101,0.006979437032756777,0.45647020821802553,0.19944244939199454,0.21512892021198038,0.2651597062125859,0.49781205382028126,0.46874711641365124,0.4709085097515545,0.180689672604576,0.15657816473652852,0.5388241183134743,0.3069356424677348,0.029150610507165053,0.032194286969624335,0.32680205978675736,0.5555002775607206,0.5075204404340761,0.6898926513419339,0.4329757480080711,0.576521511698735,0.5327200882413279,0.512834053560012,0.6093263263550519,0.6879196451020828,0.7097914444369506,0.05802527752184705,-0.015406440124722743,0.017456647767344145,0.015269982929595916
ag_005,0.46545177337147714,0.4464209990025,-0.027895909476788876,0.05285546859249417,0.0754578671891532,0.04052740595891193,0.22566785900256336,0.35669027627158556,0.6105827947433446,0.800480307251866,1.0,0.6418261937000156,0.39414795569270245,0.22379590144960762,0.058959010729682834,0.761004954148644,0.1299199376196218,0.04976378050887375,0.023519311767102518,0.3619725217315069,0.37300830329135276,0.7756438685482399,0.7696488976756147,0.7170104766090508,0.6983689133144317,0.2150530846223573,0.04862915975724604,0.0656663267183415,0.02762791882700762,0.22131792047974896,0.287744768693376,0.17149568488897024,0.1768082801940452,0.2220553934299795,0.23749789601508497,0.22773633732973922,0.2672148421172052,0.4278997536846791,0.7394066042898042,0.7236900148838568,0.028416703409286512,0.3164317285960939,0.3961755350435906,0.25608414849781075,0.1752125422669455,0.6429915313082054,0.8762427684175011,0.23655520150185477,0.2661931618750429,0.0716559197872386,0.027288765638588366,0.8262686289101052,0.9063114835279953,0.8999081813581142,0.8938378807112145,0.8615345129661672,0.7671231969386256,0.6470831744520925,0.6180793286845451,0.5418438956875662,0.5244980977865118,0.7781939136077416,0.3749177947217179,0.4073465512982875,0.3269101519545414,0.3310661878575306,0.7607011758784532,0.7374704681719308,0.6743129939178333,0.6675268870050962,0.24930653805957698,0.44690182178392956,0.7782327265517464,0.7782328286919347,0.8838534768086529,0.8279905025629739,0.3743040082417389,0.1816521911221998,0.16633298848392356,0.8822805621995874,,0.4377633175556933,0.7932690158076867,0.30866451144044754,0.6594269904359291,0.18395710179307367,0.5985106525386489,0.24610665143841867,0.47104979411335224,0.6604509650640783,0.8590591656473457,0.9045850137535546,0.6871633132880081,0.46964782452478815,0.4109469470948666,0.31421235156006083,0.18622454511031145,0.16350075264509986,0.7782327189064271,0.7467714817286756,0.6394173633444123,0.7063380607082274,0.7528300988120139,0.7142395697913116,0.8900522996143173,0.5724035990906289,0.2078593995390156,0.029394054878029586,0.03018020582657931,0.6081529262827575,0.3027092426554056,0.01490122347533915,0.11200618490331227,0.026071293076157787,0.21427404456491705,0.0018105218874547404,0.058656674465317464,0.024358289617527194,0.023357027509236856,0.6846078075705698,0.5254845941337132,0.5255708760304808,0.23800234048868216,0.48577813748276744,0.7150845940743442,0.7011114316193269,0.46462354917890075,0.49227321400803337,0.49275567961138317,0.39296245252432266,0.02839654167750706,0.03138237357527498,0.47914762552739704,0.7584055377503307,0.760244641291174,0.784917002762057,0.7177203972848617,0.8395592760580903,0.7968161486237878,0.7480463587537955,0.7001278008503108,0.7186770578210783,0.6720269101527039,0.3274048319317483,0.12248557490604622,0.01270834171480487,0.009003841008021617
ag_006,0.38637330269380116,0.3797992616938775,-0.0019520247988524938,0.0003970951574792713,0.005160830569417103,0.026980129971507855,0.04400503204115361,0.09096334416364138,0.15857294211608775,0.2447374897982043,0.6418261937000156,1.0,0.8582617168197273,0.3759160038636269,0.06806461962977926,0.6902901229931091,0.23812831205913648,0.1295871143354644,0.10982716210201032,0.08521372244213486,0.08994245765549398,0.6894191878293771,0.6496213816348164,0.6159462531145267,0.6977489415760488,0.03832035249186753,0.011791353648638687,0.08160694961505967,0.0075895027566509074,0.2246791302085367,0.17833500152027906,0.07284217661899026,0.050497730527989206,0.14113275316157464,0.17347938628093004,0.22020974187661088,0.44020295606794396,0.7826286780866623,0.6565003394171698,0.3326116680152497,0.024529959096659625,0.23602427145057597,0.357876398693486,0.264543523396089,0.32460475716310877,0.7176310313829858,0.7126625120615075,0.06442387566824001,0.0725625752573188,0.018078912184051023,0.041011323196652884,0.8435773493732934,0.6736304247367223,0.6398601466275581,0.7235481058913731,0.807901669371978,0.8710398548027731,0.8678365898738547,0.7185092411587387,0.3453862560817322,0.17496583894072004,0.6731773778203578,0.15599295017323694,0.19936723353682959,0.12961389786278,0.43293504780318826,0.6904675722252569,0.7003115193010382,0.55535382012185,0.5904934802203211,0.26856722330764243,0.3813389631139164,0.6744798924110511,0.6744798734490752,0.8009625790580528,0.8575801211178898,0.5987274746895452,0.25145505986334327,0.2088573305816172,0.8155378423013487,,0.28790077431015887,0.7562096705403417,0.12311534099931268,0.6071758792358506,0.16273121327094428,0.21923977282653356,0.0677220415032795,0.11289028312317692,0.17818555894651172,0.3835509621613386,0.8558766904509207,0.9550064795969565,0.6697663572572056,0.3606452829687809,0.17591484697912885,0.12226530740697518,0.16046812515829723,0.6744798780330663,0.6868671214369944,0.5995819948967467,0.6025174811136618,0.6196296495743443,0.6595169590316486,0.8213792434380981,0.4931914418594474,0.14213822099732432,0.016050770061365183,0.010992013744230759,0.49906844710535736,0.17024268106218698,0.0020180958054886065,0.02975667732371449,0.011122068525650926,0.07775539582559031,-0.0019360101331879866,0.01642473351529232,0.02240803811163443,0.028647023556851565,0.6920582752559638,0.7433699923654609,0.7261333068348343,0.08434430198026907,0.18461708567667795,0.6986549256293275,0.6830212251798741,0.5723742693751755,0.6741244608802115,0.14375669551145276,0.23353599298546074,0.003609142911328891,0.0005427457433410295,0.4699525972993505,0.6770661502710833,0.7485654244245706,0.6276153223533381,0.8046258992133007,0.8519427148495315,0.8325500748087117,0.801814614007577,0.6191715872356379,0.49995428297030925,0.3083890998964742,0.6036079445245442,0.34456325029476215,-0.0029958075901585705,-0.0005497969857935141
ag_007,0.25879458796061094,0.27150861537345167,0.02048390613905613,-0.009286632039368204,-0.010033924291474162,0.019205389119609416,0.013730376544920805,0.05145307000081221,0.0645407280616459,0.1055692618746313,0.39414795569270245,0.8582617168197273,1.0,0.6339453888770283,0.11119453410935828,0.5393538940317376,0.2579808126825489,0.14261205107649083,0.11523001778012763,0.025765646686946156,0.028380992168693782,0.527852178490234,0.4830444556823226,0.5024162027900374,0.5921721561665562,0.009139823205726623,0.0024314293228670384,0.1169338566814589,0.01308551110772418,0.2806973050687305,0.20037446336744977,0.015355524415044576,0.008730145233200242,0.03318899432859755,0.050229273929580154,0.09630214159196689,0.3298347957613849,0.6695247161829981,0.5887645246672589,0.2097366997730551,0.1383832794735267,0.20699900042214683,0.32733967360884525,0.2693947676272664,0.4241428707107519,0.6518458947828826,0.5195057496734484,0.02799354322727582,0.03280343513146658,0.010880273779220755,0.04805901407216412,0.7411405173079111,0.5066894703136973,0.459412296531995,0.5415834487422624,0.6260952760995602,0.6887738386030924,0.6920362165629942,0.6217993010765257,0.2829230822196451,0.10152529262847286,0.5224777561322138,0.07625664434460744,0.1188967478608525,0.06915296961502408,0.36020989503857437,0.5392253084763522,0.5803555421245619,0.41244071510632807,0.5143435447444608,0.23172568517609943,0.27223371612764086,0.5237588796232959,0.523758847604235,0.6534870106862167,0.6915894941251058,0.48395436141793247,0.20501711795411398,0.1764039563105288,0.6693010764639877,,0.2612040495020494,0.596045423633878,0.11715530484710789,0.5890789761479948,0.13154516509710124,0.10882172544943944,0.0359994478096201,0.04141640942678124,0.06796253058258331,0.19374439692220374,0.600171814248241,0.8633181828485893,0.8129929805933261,0.46003779629329994,0.18187503223765675,0.07003150068404608,0.15317248456992552,0.5237588702967622,0.550722299328096,0.494065267010376,0.6013506199032251,0.556307847818983,0.5608639532604075,0.6243435524296318,0.37469647689001256,0.10005703923848674,0.009950196682941287,0.003511461519569693,0.43857182238708786,0.11943185114501442,-6.981734100361516e-05,0.01598463387198046,0.013214770669153289,0.08163448216287766,-0.00011051230429726184,0.013766710553403632,0.031167407146144625,0.040899430795370374,0.5971407521107586,0.5286006360729427,0.5194552605515779,0.060359694652329765,0.1049546829845918,0.521642011926377,0.5134733019344938,0.4745060136456004,0.5619790816694049,0.057336579757720676,0.24853945289476687,-0.0029842757243636205,-0.0055705464517199,0.34457296900560025,0.5376006900670809,0.5984295549238692,0.5934555177630918,0.7726845441737804,0.6600357173976366,0.5942534454280686,0.5625987966878734,0.4238424694728157,0.3180282215080312,0.1629218563913545,0.4704734959754708,0.29897418537387616,-0.005908328549512144,-0.0014181214558230148
