,class,aa_000,ac_000,ae_000,af_000,ag_000,ag_001,ag_002,ag_003,ag_004,ag_005,ag_006,ag_007,ag_008,ag_009,ah_000,ai_000,aj_000,ak_000,al_000,am_0,an_000,ao_000,ap_000,aq_000,ar_000,as_000,at_000,au_000,av_000,ax_000,ay_000,ay_001,ay_002,ay_003,ay_004,ay_005,ay_006,ay_007,ay_008,ay_009,az_000,az_001,az_002,az_003,az_004,az_005,az_006,az_007,az_008,az_009,ba_000,ba_001,ba_002,ba_003,ba_004,ba_005,ba_006,ba_007,ba_008,ba_009,bb_000,bc_000,bd_000,be_000,bf_000,bg_000,bh_000,bi_000,bj_000,bs_000,bt_000,bu_000,bv_000,bx_000,by_000,bz_000,ca_000,cb_000,cc_000,cd_000,ce_000,ci_000,cj_000,ck_000,cl_000,cm_000,cn_000,cn_001,cn_002,cn_003,cn_004,cn_005,cn_006,cn_007,cn_008,cn_009,cp_000,cq_000,cs_000,cs_001,cs_002,cs_003,cs_004,cs_005,cs_006,cs_007,cs_008,cs_009,dd_000,de_000,df_000,dg_000,dh_000,di_000,dj_000,dk_000,dl_000,dm_000,dn_000,do_000,dp_000,dq_000,dr_000,ds_000,dt_000,du_000,dv_000,dx_000,dy_000,dz_000,ea_000,eb_000,ec_00,ed_000,ee_000,ee_001,ee_002,ee_003,ee_004,ee_005,ee_006,ee_007,ee_008,ee_009,ef_000,eg_000
class,1.0,0.21894110625278604,-0.0484501076688018,-0.007036592393003354,-0.007886153492740263,0.09359066428346015,0.14287834981571204,0.33817648813098616,0.4445181634254086,0.41881672773572914,0.5123608184034831,0.4415960108008427,0.3160435652146805,0.1573661486851534,0.13124417529939825,0.5854409517621679,0.15230470721481187,0.04348522050643286,0.005479051568372391,0.4108733157073514,0.42274798168310523,0.5862842422433286,0.5847677013010019,0.5552844889470371,0.5663231074755481,0.28350000993897045,0.03117343571505346,0.11150181476650957,0.07523654783630832,0.1897004003824175,0.16751544562418536,0.11493791163771679,0.12661989953353153,0.1441882358005473,0.17157459361705676,0.16371255682066552,0.2380022644427268,0.28492152357313866,0.420224330862976,0.43444733524134976,0.06402487279022005,0.2715253667723395,0.3668393048785551,0.3860937002046107,0.10976185376899483,0.42953729366560717,0.49358341204584,0.08194509255321923,0.2946001487466232,0.026968485842891708,8.270810924069621e-05,0.529515361102875,0.4992058064694862,0.5154127451471252,0.550879013283338,0.5612601088776797,0.5357534411500083,0.46042281131690743,0.41127985868331457,0.33199531086757594,0.2640931085414939,0.5999438466650515,0.2554033297347028,0.23941803619762878,0.14636135689756544,0.3117161956672965,0.5854173259067784,0.5563569440474962,0.47258668128360976,0.559641146182118,0.24440031988541966,0.21872874592573405,0.59885435043808,0.5988544259587057,0.5708929239533892,0.5904468042663729,0.2751723804730596,0.06326032386973159,0.0899749110618818,0.576502589426562,,0.23473850806328922,0.6253020762946113,0.3136454919143351,0.5238026501431974,0.1878288283680347,0.37212306802921297,0.19707857841850565,0.32528472894608845,0.4054654937338392,0.4538171549934847,0.544616704881309,0.4464056141993931,0.2727859966889123,0.26638642498943693,0.21688518001180718,0.15657793391247693,0.08916730725099554,0.5988543481801899,0.3524949151408766,0.43838611802275956,0.4415954289699277,0.4382250818309478,0.47689460210366313,0.5364469794935984,0.2989425241547508,0.1333866492590026,-0.0015022010962507178,-0.001217331288505375,0.41459871417368604,0.2825482057882043,0.03952658409277132,0.22532771981634772,0.10812322577286095,0.2560919145551359,-0.0020437456713070946,-0.0021547258318772348,-0.0027379431557013425,-0.0028338967436893647,0.5521319382596706,0.43241715228812166,0.4135772797250873,0.10963359559521467,0.20489245101896236,0.507321867327447,0.5131022537565668,0.2976330645775589,0.3315859077511012,0.21217766794141363,0.15039413185555361,-0.0007908402982343111,0.008909573979559113,0.29283226764980325,0.4161586884172683,0.44240880596954274,0.46240970748055477,0.4411343430198728,0.5296043438040232,0.5327581654748093,0.5233050533854234,0.5501285567187768,0.4515617464896745,0.23679393927255948,0.2499354006234933,0.12764602296436314,0.0031077790418481827,0.004663022797607068
aa_000,0.21894110625278604,1.0,-0.0334509021920697,0.06461937617516002,0.0750904372886293,0.01983242869203465,0.04964373381293008,0.1584633203996714,0.219797263614753,0.23137085185858383,0.26765238605738234,0.22009760642477413,0.15792784911210667,0.07719781741438429,0.033418603582767985,0.9245186648926598,0.12475994065228502,0.0581831526600136,0.05934125833067824,0.4924042769097428,0.4998414848385289,0.9316008085900604,0.9373600984587724,0.8164452390387036,0.7914701068413801,0.19536563393127845,0.07824475382916947,0.06177873067970572,0.028518906380605318,0.20560367526676454,0.27174462807768807,0.014652908635942435,0.009906593201732237,0.031566596602033856,0.03831996992190234,0.0421541004865516,0.08888753818556336,0.15105417017573394,0.2679218930166548,0.2007916849822004,0.006774508304175175,0.1618029616118741,0.18917570504483344,0.2050088014285179,0.07610319494777883,0.2660203472714106,0.22744455480403636,0.050930994950334714,0.06234862524195273,0.020872452551423632,-0.0003277328293075144,0.24560538026363718,0.2772106809644015,0.2906292580558972,0.3036540363982171,0.29402125552429614,0.26455874205221425,0.23158902694649972,0.21765581139812526,0.2012446106956699,0.14134471120982828,0.9252100989787391,0.46726175967523526,0.4623584645607854,0.3973396828732889,0.4259764077195251,0.9244322313095228,0.8509941139722453,0.8022704690209843,0.7424904538770448,0.3013349595950919,0.9999999999993467,0.9248442859414724,0.9248442170350938,0.28537133373447654,0.3167932512335361,0.47939282650388243,0.24397846863725153,0.20831929098506552,0.2869066171368941,,0.4098134975924672,0.441609375000433,0.20506381784112598,0.37451152716526054,0.05804129812136738,0.19134683060609908,0.056561484743117306,0.1397142044046956,0.21983727212508786,0.2642178041528126,0.2639106345611566,0.2251337921114347,0.15249855243672095,0.12297044433599888,0.09009848239490757,0.0654162619927184,0.18962464817203792,0.924844284679067,0.18025677938217927,0.2199729714224939,0.21304261672527242,0.22886950667190945,0.2869233364903621,0.2625043440025046,0.14666924187917485,0.07741780332293943,0.007345797884335651,0.00785948853647561,0.5988410394668906,0.35150707765120043,0.06380233035481113,0.1047148853947844,0.020597027877469566,0.1836033863186751,0.0008223114849446173,0.025950619803672456,0.00152742869352842,0.0011978794413707078,0.8029860940910688,0.7135884533682534,0.7161361029619341,0.23450742550090078,0.4902263740012307,0.8287973085814648,0.819608798762901,0.51505479557835,0.5774363754128362,0.5340581656404441,0.32972794701157165,0.01955617039017195,0.02800811360128417,0.5146951798327064,0.2016393054100345,0.2143488180181,0.22849179742693632,0.18619243460408505,0.23958650070924756,0.24945881055628313,0.24651906150323605,0.26003724082279916,0.2738619344965599,0.24084508545801456,0.14064928080138922,0.06723004181625804,0.004085596641178983,0.0037117299369891638
ac_000,-0.0484501076688018,-0.0334509021920697,1.0,-0.00407215740676052,-0.012532335762098225,0.002447356125282386,-0.005641265129670432,-0.014885915282275147,-0.03135548551091065,-0.04315677772993732,-0.026998093759467698,-0.005386295051231907,0.014248594721871838,0.0006256065547105376,-0.006842767209159295,-0.04236097648779949,0.0129615771583907,-0.007705921049476116,-0.004609450159531284,-0.05254795973287868,-0.052233586149635344,-0.03275160583827676,-0.03495016561660005,-0.03761876355306058,-0.02050985356052668,-0.04498629670708563,-0.003972543263611512,0.00043997361839612415,-0.004136522391901938,0.014743367510407238,-0.0044798924072501235,-0.007109928172251205,-0.007608037907179217,-0.009980143967118164,-0.01191087928582357,-0.010398543722908986,-0.0011714245174836483,0.004675891691495268,-0.03128879804438541,-0.019089647168135743,0.00781670489908414,-0.011067580565956683,-0.028927604416206374,-0.028802282749933822,-0.03723716784778076,-0.08100779605016764,0.012300255205741838,-0.0029920910532848927,-0.030226202411619305,-0.019524242945036015,-0.0053026090204848775,-0.03721381750647752,-0.011573476716872474,-0.023252446974193396,-0.016149216056176852,-0.013946622019540226,-0.0161314153461489,-0.010961286743183604,-0.009518662288916874,-0.033260945118917175,-0.021024972283407047,-0.03561138155915184,-0.02491929837009996,-0.021729540984496844,-0.026653518909515686,-0.0476009922234575,-0.04251094247016702,-0.03957522024233882,-0.03163781436788878,-0.03747030319204859,0.00200280511694598,-0.03349594586076441,-0.035644144255694475,-0.03564417740980429,-0.02888179669066192,-0.022188607597915404,-0.060131649260658115,0.03263617258422846,0.022717440764367478,-0.026640151237350404,,0.06058027743002211,-0.03502466765259454,-0.028312280722033997,-0.034825409460078484,-0.03057199755804873,0.03864866555829746,-0.011155893623022729,-0.018879010241487797,-0.039458641605696516,-0.03778323135088826,-0.027947775278462705,-0.0030215946768834523,0.01966577111686628,-0.01571212789118107,-0.017659108014324,-0.016740569223855126,-0.012761533685291652,-0.03564414824055432,-0.01451321044093682,-0.025330516394206786,-0.03586370045450208,-0.01866972442668386,-0.03741422246342547,-0.02242178638496766,0.02117388861947219,0.03143886928159047,-0.003406475416675331,0.005447084180509337,-0.04040367831007247,-0.021776255032778476,-0.005970765063974587,-0.014173961678741182,-0.008047641924593386,-0.021599151545769916,0.00037438094527296245,-0.007323840843794906,-0.00478353339942708,-0.00839069056797881,-0.02995863162425901,0.0021400728234167265,0.12822002291937828,-0.033574024153016926,-0.035114980900064395,-0.060289243245349,-0.044358236992034894,0.16126965064937332,0.10715189003513549,-0.031061052099158888,-0.028301054316020598,-0.0042985065938491406,0.002839492688810635,-0.0408009440579786,-0.05014325280078342,-0.02712837345751576,-0.025389528364060276,-0.02370663685389981,-0.016901923562582626,-0.011741509135450207,-0.01497277953411081,-0.018497963599700077,-0.02429348174859842,-0.02825799925284017,0.008701148361152475,0.011180751891455452,-0.006486820490093512,0.020806595364836547
ae_000,-0.007036592393003354,0.06461937617516002,-0.00407215740676052,1.0,0.8769238007591945,-0.0008705102092818742,-0.0009829136064511584,-0.001989678336730013,0.01296375253602684,0.05886461052549102,0.052772893552964245,-0.0026580125489554934,-0.013343740555676309,-0.004867721326127721,-0.0015536271278854517,0.049742524361162756,-0.0024146364190864907,-0.0010112061072683387,-0.0005564468823596958,0.029689120826657107,0.029443244940141357,0.05651474665459698,0.06023346433740071,0.05378470600929463,0.02652057983095075,0.025851395303644633,-0.000512748128555111,-0.002026512197730093,-0.000593561101595574,0.0015025999265720052,0.12168677957483649,-0.0009179907025220736,-0.000952250449084316,-0.0012598897460016944,-0.0015228129962313725,-0.0012988787173631522,-0.006057730868692366,-0.013583921198763352,0.03884401148271854,0.035506680418115034,-0.0013380537408438171,0.011038293192107116,0.014096199468047056,0.013516675462994749,-0.0054728242387891875,-0.012747531817006616,0.030561431068445614,0.1317116219787235,0.006182612981505831,0.03980185671913586,-0.0008756573106485995,0.02224261753709925,0.05931469505992902,0.04185780778305044,0.025978982746360728,0.017038218289235862,0.006507518327293156,-0.0013042553336285584,0.002909366831156274,0.02164734485531926,0.016824253837732936,0.057297656171833765,0.15193686683903707,0.1126312366218496,0.05458103603163148,-0.0017503591836163293,0.049669912232612225,0.03614954110244861,0.07554897250942573,0.026617090270503335,0.027432086437143875,0.06464222860456299,0.057295358776360966,0.05729534920037314,0.037170434983577506,0.026538090408429818,-0.008238204015746924,0.03260327904123638,0.02064304352218112,0.031197107363976708,,0.08298552731852511,0.056197321676310606,-0.00148684562994451,0.028148604413790464,-0.0012517204035134065,0.07899285176152795,-0.0015081676447261131,0.001669650549520297,0.04108330535018053,0.05871072286646783,0.02612638716705104,0.00753802714408149,0.0052308180577684375,0.008264756435127703,0.0019349868825732613,-0.0010769112022623447,0.007651718941883925,0.05729535825687693,0.037908543983575654,0.040524283692307615,0.013520112589832921,0.013328554159940869,0.011293946724120126,0.042969545369346746,0.0131226152478695,0.030818649176946294,-0.00048389759249432797,0.003008852723494216,0.04576879207546679,0.06128855447578453,-0.0007239247529143559,-0.0018046600880404866,-0.0005710139607847054,0.003523858423380401,-0.0007148804428366878,-0.001023423434962272,-0.0013630028095918082,-0.0014107704229353256,0.028735441317146133,0.003935621450708415,0.002431118466436095,0.011337553652662685,0.08864961635516568,0.054941848299908974,0.049825240353299,0.006155458989147127,-0.0011020035940534146,0.1543687332953726,0.0639849075713237,0.023657284745309228,0.06246142291883152,0.018821084740719016,0.05036005950464884,0.05198686783801251,0.011851208253272133,0.010978052615272899,0.01616904150027618,0.025938439388391556,0.011822849296768,0.02391503494102103,0.11092737027586885,0.04422307798777288,-0.009909413496757839,-0.008452993762085206,0.015457290966239724,0.004222008866612098
af_000,-0.007886153492740263,0.0750904372886293,-0.012532335762098225,0.8769238007591945,1.0,-0.0009755933665116802,-0.0011015785461840329,-0.002060643825812656,0.015362787655524278,0.06729526210639333,0.056950939891642925,-0.002595483258148069,-0.014141579561984943,-0.00494349134078634,-0.0016854573920356227,0.058245370719885003,-0.002810410259927717,-0.0011149822398964112,-0.0006225068690024788,0.03514120933101205,0.03441421170222752,0.06514323677247866,0.06975579281085309,0.05751001582200323,0.02954120784725974,0.02300115241851836,-0.000574676267019244,-0.0023483754996970105,-0.0006652495818443845,0.002117276306082318,0.1408539848047119,-0.0010288018133937735,-0.0010671891738320914,-0.0014119142412842526,-0.0017065004808005757,-0.0013557891605455758,-0.005866652878004293,-0.015053348744512758,0.04373333977983712,0.03937003366312884,-0.0015252625856428444,0.014083183994639002,0.020341572378512085,0.021088783965725576,-0.005358490980137193,-0.012948306776009581,0.036930630782430994,0.12300023834369561,0.006169340503283855,0.03583936508410499,-0.0009978984392722183,0.025919930976066558,0.06605082234104687,0.045356787743559134,0.027801578647402448,0.017381623128684857,0.0067442164537287325,-0.001810553605516777,0.002012043018650969,0.025118970830718224,0.022176008426993167,0.06493594211451736,0.1568410517639565,0.11820411420726208,0.07918545011355889,-0.004036145619664719,0.05815715307150478,0.0428343851375792,0.08006458164322361,0.029113138005540048,0.02035317856924513,0.07512640670253716,0.06493337975807749,0.06493336895579604,0.04111452272091957,0.02992122643968094,-0.009095039853652264,0.032513832567537364,0.01516700904569454,0.03499457933545992,,0.08822893148764542,0.06556763991758006,-0.00018003537173409502,0.030307132006723574,-0.0005693197082187217,0.09672189533884433,-0.001617283120437067,0.002631852959192987,0.04728307668501507,0.06606572691170011,0.029443639310357272,0.007086865167628607,0.005319247549883965,0.011505174524406801,0.0034865642640394302,-0.00014114246781347884,0.008258232607866968,0.06493337917543736,0.04238468165317632,0.046137300316618765,0.01644410913366873,0.015833503372093116,0.018538890853889524,0.04596829220526263,0.010539911699266113,0.031474386926990526,-0.0005827949786460643,0.0010530891536831156,0.047916372687682236,0.07317700218011938,-0.0008084396593850463,-0.0020167214525413095,-0.00025092352622645413,0.006517109579910618,-0.0006494905261353143,-0.0010508983081134972,-0.001522120761182523,-0.0015754648008797479,0.03369670750966,0.0019234180297583031,0.0005851407880514203,0.018817036655059776,0.09771760221036761,0.05871245633775837,0.05191155112808956,0.0025036417479747035,-0.003511867158911281,0.1707387646420555,0.0682463702651874,0.02579721501162506,0.08091984278006831,0.014217070704875852,0.05807122743599716,0.06028070262470841,0.014247395921551512,0.012521208406684945,0.018654333177136308,0.03036417896199575,0.01544801910083555,0.031340946795079386,0.12952528953085626,0.03664809019302451,-0.012626325907270504,-0.009521546807597162,0.015409032416896456,0.005449509296905209
ag_000,0.09359066428346015,0.01983242869203465,0.002447356125282386,-0.0008705102092818742,-0.0009755933665116802,1.0,0.9233667229070837,0.7007668387628714,0.5827647154738892,0.5411727218667972,0.38139133406447523,0.08148283201425649,0.02529987270985408,0.04446110248154334,0.024108998937248216,0.05342591506427961,0.015455726839155139,-0.0003344867292794997,-0.00022675774603043774,0.06195221036699183,0.06323910441752105,0.04861083112439548,0.04720451265186705,0.05874888070448813,0.06665715670187296,0.04391543117087196,-0.00022654692910694505,-0.000558167929985199,-0.0002207295568936733,0.032999387773519025,0.020505689768980446,0.09205747198611244,0.07830394793974645,0.0175727482786488,0.0018994874103303956,-0.00048589199888065073,-0.0014470048656157553,0.03743528292606338,0.2681257718543079,0.48116687371374395,0.013303211072325979,0.1326124306930778,0.28422617649625764,0.313059989209206,0.03222130177043476,0.06510603149510942,0.5089146511732333,0.005577443686587522,0.04899291747554419,-0.00081827238418859,0.0003113805399976756,0.32753341749841663,0.4318626151521737,0.3173664205232973,0.33443055884866096,0.3274845267146515,0.27583438173190694,0.19289877861764138,0.22363582523741768,0.5796966551688613,0.6508860387477354,0.0549076281223636,0.017813949963892937,0.013924190940952449,0.04073265877539403,0.04674412436432017,0.05340716247564267,0.0561668405047698,0.03977001079609255,0.06741645542805086,0.010106605602462258,0.019800697977238504,0.05511228820550247,0.05511228424992217,0.3841436552259816,0.05670865131503313,-0.0010858699839762502,0.007957405981330063,6.0929194429582086e-05,0.39034119497514297,,0.0418711852902268,0.04974536111714617,0.07274474946749213,0.05844029506732261,0.011803043368965536,0.05282838204398548,0.8743732631618468,0.7781459293282063,0.5138673760133848,0.4848162250261205,0.33142003315135515,0.12533555067684757,0.04842965364820386,0.03374172276314232,0.014829703580712747,0.005089125029943472,0.009874284389516154,0.05511228801716357,0.28798377510674844,0.3721811723301367,0.3185971878198251,0.3835220372099405,0.4795609259358629,0.33427198956232806,0.022218482326566136,0.006531089334048386,-9.732768448950728e-05,-0.0001452309487153148,0.0410979565087845,0.014136222471254224,0.08264001913346007,0.18061661437907123,-0.00036806854318601953,0.008000229690241091,-0.0003738536786757449,-0.00040389264397314856,-0.0005085961400046836,-0.0005264204342243052,0.06298367608984624,0.019968836094480795,0.024622626551030338,0.0042054610007530215,0.04741057513610169,0.028360164503365877,0.03629691293894455,0.006890630896653937,0.0042327650489798856,0.047979720926068774,0.020603402433593505,-0.000293627517971376,-0.00048674465310535756,0.01950535002270955,0.07685894046518935,0.07811112787224284,0.46857598130106903,0.33492277693174466,0.33206338937355223,0.2930398753365741,0.29552939329019856,0.3602849195100858,0.2817316165411929,0.10479488660688409,0.00913077071224744,-0.000611539586366004,-0.0002861623317238946,-0.00025156661343568533
ag_001,0.14287834981571204,0.04964373381293008,-0.005641265129670432,-0.0009829136064511584,-0.0011015785461840329,0.9233667229070837,1.0,0.8500717591534473,0.7005245410232928,0.6042525263323649,0.4046848150985392,0.08248972598778992,0.02046799726736243,0.0448527386755534,0.028310334587352843,0.08217353702078012,0.00554047382412152,-0.0003286925740031275,-0.0003704185327984262,0.1506325416841228,0.15422088409785598,0.07729610818470975,0.08401047077736719,0.08575923454395236,0.07925156845503989,0.05374304415564499,0.003258364621912185,0.005044824523224017,0.0017704414736748955,0.053953618212905834,0.04217074930119246,0.0025495500403858204,0.002106572762229417,-6.845053224396424e-06,-0.0007207675898594265,-0.0007390699710156211,-0.0022790082415706557,0.026603916981999643,0.3169714600277212,0.5473527401258937,0.023104417628415388,0.1595766257651646,0.32228299895091067,0.3531053708663359,0.039582730555025716,0.10755687052634175,0.5331953780396056,0.01889952842466751,0.10028180635416785,0.008992133995546868,-0.00020815142997020886,0.3328880514032546,0.48898955447286324,0.3745414861694828,0.39194267585214015,0.38096512862716586,0.31631579453122316,0.22167774259649975,0.2615602946741384,0.6392278360923612,0.7032381735401465,0.08795400542176766,0.029115063091200936,0.03233631484581536,0.05684195158750814,0.05712147749655352,0.08214705116633163,0.07872617664633,0.062388150215082545,0.09508141377944392,0.01432799610176641,0.04940953092609461,0.08827417458418176,0.08827416877107175,0.42480111752045413,0.09739486471761687,-3.784927328057209e-05,0.01709423576184012,-0.00047247148671197375,0.43013116785171657,,0.050313624762519805,0.08208031369332805,0.11415057370981414,0.07786525726602615,0.06475525906432315,0.2062960029303536,0.9632458506889441,0.895482403674817,0.6104881554267511,0.541628411740879,0.34593979671119496,0.12704200619862252,0.05290829906860797,0.053070163035872704,0.037670522904856014,0.028148058414736176,0.012033972597400897,0.0882741744552945,0.30919187477715826,0.39357487209537884,0.34516743230640007,0.4267007583406808,0.5211938173930475,0.37155188683024626,0.025929227644370337,0.020252702822391597,2.0249941495246913e-05,-0.00016636357153800756,0.06514148587204158,0.024669341085807397,0.143821646573098,0.36170916770276,0.006236652148906592,0.08511227858087884,-0.0006715138508109745,-0.0007215206916217354,-0.0009135374933099394,-0.0009455533891861175,0.08782235956505084,0.02464904986558738,0.026627901002543287,0.006538349157371257,0.05837356345449181,0.04007372078214481,0.04813931080435462,0.007056766146784186,0.00558878360743196,0.06008115654541014,0.02505323803238463,-0.00031046933204839384,-0.0005014894385790488,0.06715297884700848,0.17239861137878126,0.143732778983222,0.5060872686900608,0.3224406830663943,0.3686809557087988,0.3298245518467774,0.3344485197328617,0.44692810928846816,0.3398564150675966,0.12626908779942644,0.006741668990126297,-0.0033071808020076,0.00010870301539465261,0.000232263045447436
ag_002,0.33817648813098616,0.1584633203996714,-0.014885915282275147,-0.001989678336730013,-0.002060643825812656,0.7007668387628714,0.8500717591534473,1.0,0.8803864280915262,0.6907842184373554,0.4607890297469696,0.09746014213628929,0.03264456828191945,0.07770074524689154,0.07565047826210197,0.23224290847839385,0.01699527538828095,0.000665081446877573,-0.0005440584836780616,0.4019280644558498,0.4183734777703458,0.22916529069909963,0.24784724469898092,0.2699886188393047,0.2240618470688086,0.1412319893307168,0.035993922437049186,0.04096857978536741,0.02444415835998136,0.13577989649347708,0.1245852815175614,-0.00013805591471747371,-0.000839198495503599,-0.001269298795165832,-0.0015507701855598662,-0.0015132714377416511,-0.005192142551081598,0.013767962660069048,0.419676006394379,0.598386119337223,0.046344850654862046,0.271668453527639,0.41636971508279946,0.4314651763342073,0.057369036348753004,0.2683605347582475,0.5199150937340572,0.06376543994521126,0.26664392935537123,0.04297802746426324,-0.0005520529143184306,0.3793021610995937,0.5626109370430568,0.500368609961049,0.5094626164279339,0.47546031704088754,0.37311590563243346,0.26147542896130277,0.3182520046601901,0.6313673189658245,0.6264287741512523,0.2627391940631766,0.10263054587128295,0.12409281290007838,0.12140178249713603,0.16301645479304303,0.23226288239269888,0.21779683078339962,0.2170445217866024,0.28374996200009556,0.07102721262481754,0.15818303143952114,0.26307543471624606,0.26307541824118874,0.4975648730051345,0.28201409718943465,0.003369548300648796,0.029346243659295963,0.021604830725744678,0.49721148621572836,,0.10210674261237025,0.24356843109208015,0.2661950551191648,0.2461617970466632,0.12691079939084904,0.463218247259119,0.854050630899984,0.943920383255728,0.7665711860116169,0.6224469159187065,0.37585079381555003,0.15705161967131948,0.09609507597026944,0.14028052676466346,0.12005065594159588,0.08458215873834031,0.0300201789873446,0.2630754355156082,0.3224972234411249,0.39927254219903324,0.4766825990561777,0.4877582517883727,0.5436066816665247,0.4319876287866829,0.08781419069928877,0.058862703056673606,0.00015724315957261944,-0.0004167784436215302,0.18108479587298454,0.09149747618350518,0.08836353330891791,0.277606175129025,0.009320023434460834,0.18346391266694148,-0.0009494268118162971,-0.0010927049747550535,-0.0013967981640209044,-0.0014457038689281228,0.2327027658364337,0.07594965087179176,0.08446940920059272,0.06774315588824999,0.14510681966110828,0.13727544559243346,0.14623028329265092,0.050315128222290464,0.037042533516311295,0.15334814049857678,0.057710461229423096,-0.0003463514660732287,-0.0008633697886332579,0.10288722011276749,0.2785010123972494,0.24719327212074882,0.5719137050657599,0.3290470131846677,0.3986699612100913,0.36159618515500314,0.36598146993966985,0.5857639340734707,0.45399420579080607,0.19835473196197756,0.008530760679287827,-0.008704333953126775,0.0017223474677682045,0.002154066811353377
ag_003,0.4445181634254086,0.219797263614753,-0.03135548551091065,0.01296375253602684,0.015362787655524278,0.5827647154738892,0.7005245410232928,0.8803864280915262,1.0,0.8886789942810259,0.6348879849705024,0.15454025888681447,0.06332963681158565,0.1059105673847008,0.07811388164821681,0.3900314450083736,0.040397404779270195,0.003234905038528361,-0.0011363634119006846,0.4966402863198236,0.5209856280536419,0.39681506352688717,0.41885472828066744,0.44165137177367697,0.3650037412714248,0.2838033551418788,0.08479519375766797,0.06511098569738583,0.04898959163595627,0.15982189848154937,0.18285690184630274,0.017677419705123255,0.0013067530598540574,-0.00018515020150624415,0.0006166522972074123,0.00012167880531079794,-0.0050509889655676096,0.02063634678293669,0.5767285931912076,0.7368916399839832,0.04727157733029261,0.43061683348288354,0.5600849638152802,0.5638081408783758,0.0818329573709405,0.3938919989544216,0.640294639458651,0.12372635707763731,0.30090511381139046,0.06309884815261896,-0.001202193432812113,0.5071148967509918,0.7260381315135178,0.6890831240246504,0.6724102526862832,0.6003432710285156,0.4552009414458916,0.31481685619749933,0.3849303801754132,0.7044113242141999,0.6902644927539668,0.43610710520817775,0.2399654044802551,0.2537488134025759,0.2525011066702377,0.20102769779120155,0.390552952593229,0.3651157854838862,0.37459442656232744,0.44988435993562187,0.12924167993555505,0.21960559473910105,0.4350047119200955,0.43500467596454606,0.6402011208233482,0.44554506630359625,0.009785782225537398,0.06782279858872912,0.04993865602973014,0.6344057027965151,,0.2090417765711515,0.40687984747549283,0.35361078074001046,0.4063038676292802,0.19017436365278553,0.7439277142492894,0.7116524193057695,0.9100334068996047,0.936023942088762,0.810114904152233,0.49127714107764753,0.23782026813437293,0.18014368666215477,0.25794752181176966,0.22108071436131138,0.14588683874554545,0.07328121660610237,0.4350047134319205,0.41268617575270056,0.5079548567568469,0.6142596631833069,0.6286514247509993,0.6495665221986039,0.5656487229155616,0.19478111357593578,0.11775005676739742,-0.00013811877647807957,-0.0004093618837724034,0.3123472702238035,0.1979611078668225,0.05929850458806933,0.23423968340323645,0.015485909127847098,0.2967873046752858,0.008719719595987671,0.018796958250616242,-0.00282706002173488,-0.002893597375957172,0.35811034822236454,0.12175554914667323,0.13651493569187192,0.1871838577930823,0.2987106444702412,0.27836303954485414,0.27872335573392565,0.09836364409291655,0.0715816450128604,0.32037191604077647,0.13866912004921286,0.006975581263128121,0.0032379188014158033,0.22868677315185504,0.4210207121023595,0.39001817277005524,0.7081389460511017,0.41452567797573225,0.5144006288901337,0.45546538393178765,0.43919487211850505,0.6699064829389652,0.6133339671663348,0.41273864149997347,0.019644533180090466,-0.015699998791674462,0.0026111609458495527,0.0009414858306778346
ag_004,0.41881672773572914,0.23137085185858383,-0.04315677772993732,0.05886461052549102,0.06729526210639333,0.5411727218667972,0.6042525263323649,0.6907842184373554,0.8886789942810259,1.0,0.8165733216202732,0.23627536455141795,0.10547650058697529,0.12452606083747031,0.06443078056318981,0.5150498303423791,0.10638720425723372,0.005880960879017076,-0.0008146536808879685,0.44291631512956126,0.46552844418670813,0.528587327485788,0.5438167012347054,0.5459350723993439,0.4695571920527575,0.30392396790648885,0.09411041376817518,0.06077010771151545,0.04571415697740304,0.15060369693148073,0.2282088298557992,0.1603091651091455,0.07322068471610169,0.029703294512257054,0.034897433579490204,0.025042301735688506,0.01868330815005861,0.049333742878620405,0.650531819024449,0.8321110116738606,0.037843208579794445,0.38947253950277655,0.5125641764626602,0.5252775296104543,0.08773517787739417,0.44919340407117947,0.7589155679662052,0.22302589369106038,0.24982464742052338,0.07295003439085976,-0.001663049671409515,0.6321172698072961,0.8402043358738,0.8172227699815867,0.7737904157401767,0.6800899448300068,0.512959361149403,0.3536561665917548,0.4198259647591713,0.7402509764835454,0.737439297164442,0.5557708267706092,0.3241034555812631,0.3216765202390276,0.3623199892080922,0.19082947151353094,0.5167591002541151,0.49085749895332903,0.49002302816021354,0.5350432987680359,0.16244880083848195,0.23118023092976653,0.5548909833108062,0.5548909777048654,0.7477762108652852,0.5313616453180513,0.054147229456810324,0.11064101072199717,0.0789117140941822,0.7402822679638721,,0.3156284973119007,0.5250531455381245,0.37558724963821316,0.5024580573121126,0.17723523066387153,0.7114545327783174,0.6077665919499669,0.7760663902020392,0.9128850676522926,0.9221518362901528,0.6206948730574664,0.34834153211469004,0.27977658044989584,0.33784491449965764,0.280757094806735,0.19248385802182377,0.11069163485664722,0.5548909851151359,0.5030800411150474,0.625722134143427,0.6826644444282826,0.7244324734381433,0.6993861599998709,0.6835450436782453,0.3282377843234513,0.21714966138537134,0.014039436874545898,0.014979520568131491,0.41144381446727085,0.26198235749770765,0.03206289123398739,0.18093661273755487,0.02975993347380481,0.27056351989388633,0.02794733276523144,0.05058968784803319,-0.0008595793983466265,-0.0002542795921818216,0.44823966559495176,0.16389079014603525,0.17424008525806448,0.23368553197706893,0.43287929521341434,0.3865722175416421,0.38171539136548266,0.16273921877406103,0.12984457140365352,0.4711118513728283,0.2546360321010969,0.01677148213575928,0.018172208913641626,0.3395443714963216,0.5604214247304155,0.5152018692345626,0.7918293561531474,0.5296659673246167,0.6075408051418373,0.5283469496971438,0.48683355376358806,0.648897981028076,0.6926294479120431,0.6298555844255973,0.06224192086354651,-0.009313681275146512,0.0036914861128657436,-0.00029779506931761746
ag_005,0.5123608184034831,0.26765238605738234,-0.026998093759467698,0.052772893552964245,0.056950939891642925,0.38139133406447523,0.4046848150985392,0.4607890297469696,0.6348879849705024,0.8165733216202732,1.0,0.6147035473847811,0.37295498867428784,0.20047236283104305,0.06090628157538304,0.7318992150265752,0.12799728358188575,0.04250216416316514,0.029202594114147183,0.3268796672131188,0.3449551996368362,0.7449381477523869,0.7361768297558283,0.6928145259814669,0.6822730437465466,0.23301811960940777,0.07321336387791214,0.05983113483622963,0.028723190348814313,0.2462608802630039,0.27504294140092905,0.20166702527643224,0.2006676572732525,0.22263915373117954,0.24707456120476629,0.2293972802903499,0.28419862118664085,0.3852199245159569,0.7354509600808956,0.7735320688891191,0.02415095842924953,0.36611989441374415,0.4924848348605102,0.533082933692349,0.18204121214951194,0.6400969592420466,0.8772135995240729,0.1979056603571444,0.17455441457262746,0.049995236230140905,-0.00016472750491019255,0.8589478074898534,0.9083183168097168,0.8951098720293318,0.8931873851934902,0.8628842847437109,0.7622761157692196,0.6451714249800442,0.6281970206564107,0.6805919903712082,0.5816046250463179,0.7469217581988231,0.3889498891377578,0.36145801022915997,0.35311032420785254,0.3378797025627957,0.732456791850463,0.7120756074647523,0.6455586542395398,0.6577482543446663,0.23927945700423758,0.2674824058003088,0.7475471919639403,0.7475474109988824,0.9080774924538175,0.7892723943037913,0.3485325126095747,0.19380819286410408,0.15846213017621077,0.9069434554440752,,0.3582766220067056,0.7589544580852225,0.34186501218192283,0.6390542820932434,0.19366507976767236,0.5831996388673538,0.41310181390552614,0.5311970990376356,0.6761349420745097,0.8659354746352781,0.9072237935917298,0.669691762139783,0.4606080177085313,0.37626437646585387,0.2713211699469878,0.19694955135371695,0.17026787739654456,0.7475471912751166,0.6465849028760186,0.8035926829899941,0.7380306433137569,0.7900020176842881,0.7460876765026561,0.8873800167542129,0.5522384844465928,0.3298484067515232,0.045602941869854016,0.04904969784881893,0.5615982258568326,0.30590179571498627,0.018180421947335445,0.11785240464276418,0.02778077017969762,0.18551110117315037,0.012130970836875268,0.03607970645166343,0.011227849589480228,0.014475027281268293,0.6603519918851462,0.512565969399316,0.5078282650148259,0.232729640283058,0.4309463712090982,0.6801483808078923,0.6599494651859952,0.4756013389909018,0.479764073276817,0.45582947199743923,0.37018620248005185,0.023860007048027404,0.023254655355569396,0.4435723623715893,0.7458594214587476,0.7333292942967126,0.824048021087946,0.7740778010880573,0.8472933761724949,0.7908184708614743,0.7416217822392419,0.7188532222464487,0.7229584606475532,0.626270906714432,0.3183210335326143,0.12216893260970652,0.002434221193155905,-0.0010911924200937885
ag_006,0.4415960108008427,0.22009760642477413,-0.005386295051231907,-0.0026580125489554934,-0.002595483258148069,0.08148283201425649,0.08248972598778992,0.09746014213628929,0.15454025888681447,0.23627536455141795,0.6147035473847811,1.0,0.8652527454988275,0.3170761645375665,0.08149882708650652,0.7000945769490975,0.20042403099255057,0.17733349445335725,0.22251076009784201,0.07662566923554892,0.08330427798269945,0.7015648478333047,0.6631461689946937,0.6048653407547675,0.6912031929936489,0.04503391562820618,0.01769905343720765,0.07289465515120051,0.00856987746298905,0.24509544721863824,0.1895838783299437,0.05630634668403979,0.051025791182134725,0.1418277113147801,0.17508007277898247,0.19137768808251712,0.42423354513602857,0.7716437916490497,0.6741429594136752,0.36809131767040426,0.007729875647748496,0.25125769327036285,0.3698868158160066,0.4341117051012766,0.28804492085169353,0.7077217693920127,0.6700206262320875,0.048520191278910246,0.03420338257252672,0.003827595344039476,0.003338847743325572,0.8186136566371848,0.6487229411080526,0.6401823258829589,0.7157651385644771,0.79216767971595,0.8613456891974421,0.8726885806463563,0.7189985132153425,0.3722555044022113,0.17786625882086923,0.6781767039229942,0.203466117227048,0.21983726794374914,0.14419374730235351,0.47626526598679353,0.7000397698908756,0.7024581921612959,0.5596896124396484,0.5734885900980027,0.28032641888662163,0.2200830347488318,0.6802092725202536,0.6802092618701102,0.7740051199979707,0.8580968879416414,0.6209090482997762,0.25804270780092625,0.21499628355460104,0.7847781585372169,,0.2486139987690393,0.7508726037514832,0.1312687890119532,0.5733579953410404,0.1488520189875054,0.1939867318862173,0.09198990869912424,0.11767339832206442,0.1714397384643207,0.37514116359625016,0.8464025615291083,0.9488582593946193,0.6583938027526908,0.3020574894660923,0.12554133595050904,0.08125152532276747,0.17326934227964996,0.6802092708988664,0.5813000894647316,0.7304194438815852,0.5293138314695863,0.5862833193463931,0.6098728750915711,0.8221834674877897,0.4926657735164913,0.24419446058084124,0.024311954719214962,0.026209282829117303,0.4749439204789697,0.21070297673055874,0.0017399787080633027,0.028078404209051135,0.0046199378886008285,0.06170387674135361,-0.0017185429654921797,0.009201675463791945,0.011901108346814545,0.01547975954609315,0.6876989621852108,0.7797169115920136,0.7653251982588678,0.07933661848296235,0.16438506964891064,0.7477593238272979,0.7319048096843166,0.6076037816185811,0.7057077753407572,0.12776268721558445,0.22762106593531395,0.0047808964661088275,-0.0020767265335016136,0.49342012173168365,0.6898832932215447,0.7444313274015507,0.5640949332772615,0.7639757148285461,0.8383820929569199,0.8513621754956032,0.8331774846829809,0.6384949119103961,0.5230471199088097,0.30536788925718483,0.590617594003584,0.33659618805291863,-0.006152673804357021,-0.0011948798932441458
ag_007,0.3160435652146805,0.15792784911210667,0.014248594721871838,-0.013343740555676309,-0.014141579561984943,0.02529987270985408,0.02046799726736243,0.03264456828191945,0.06332963681158565,0.10547650058697529,0.37295498867428784,0.8652527454988275,1.0,0.5174583623654284,0.1451333745126491,0.5697394784219402,0.21409049410565664,0.21770400945230142,0.23181488148714613,0.02886888920959262,0.03319762478148674,0.5595324563430353,0.5154545098738393,0.5071562097265784,0.606956524522871,0.015714340827061257,0.0031920251858359983,0.11009664111060705,0.016833312608109136,0.29909893065879206,0.2269082440573543,0.004594592252647975,0.004258175077731017,0.035270389795903655,0.044094153111060845,0.07092102293316441,0.27400417372338254,0.6736164360566499,0.6105745152151787,0.23374397658251314,0.018974759430060655,0.20726389193918918,0.30069641601523667,0.3593926750419695,0.36326193965903725,0.6407464307802616,0.48461310002005265,0.024701156248870575,0.01599786724516129,-0.0028049461680209296,0.004877074629276553,0.7012099000300773,0.4864272021594134,0.47092960841613246,0.5450573620118738,0.6215740446431276,0.6931091113518676,0.7178573209104031,0.6115608934368861,0.2800670623535341,0.0953512667553484,0.5475393977176383,0.10207382140916886,0.1511749249884023,0.07831033629249057,0.4203549046283972,0.5683928456386456,0.5970642562667275,0.4315617879053788,0.5109634177490106,0.24761462831414044,0.1579480594551539,0.5492882055059587,0.5492881638057824,0.6209124341763201,0.7034663235329264,0.5368732211908509,0.21788348922892273,0.18689047443764212,0.6334481110927653,,0.24854216294216402,0.5963915455435106,0.13011750230053312,0.539852278656063,0.11117428866671225,0.09913607399000994,0.027248261101877547,0.03795243402103546,0.06643671436169957,0.19278894420312337,0.6003073783057503,0.8737728729278702,0.7973640064397987,0.3734823080836841,0.11181692978971104,0.048447631837090305,0.1700631076138175,0.5492882039307649,0.4743369276543662,0.6118495275545885,0.507085476035251,0.5038863041352901,0.5137658756482428,0.6348669416516334,0.3420440308739544,0.16718603620262487,0.012729274266780992,0.0131255008192721,0.4397539070515019,0.16099980374397174,-0.00076477440701677,0.011748152051253454,0.005791787637457178,0.09304951767115943,0.000887912984564421,0.0081427523937808,0.017238707153992297,0.021176081020399827,0.6051381873316228,0.5771301127509886,0.5691486193347454,0.04183748200916455,0.08590284320234448,0.5853474477506557,0.574060172909787,0.5156602937970907,0.6068268127387293,0.03596136155837915,0.2694509786475438,-0.002061617822064226,-0.007045159872865883,0.4157005886871763,0.5691527797319251,0.6242142140253684,0.5075272398048875,0.7074595255044981,0.6584973133878407,0.6315815721067698,0.6059356306806712,0.4577016567323121,0.35006348207252613,0.18110575497499032,0.46852691503856525,0.30107176305599814,-0.006859470227559097,-0.0023104498057643433
