,class,aa_000,ac_000,ae_000,af_000,ag_000,ag_001,ag_002,ag_003,ag_004,ag_005,ag_006,ag_007,ag_008,ag_009,ah_000,ai_000,aj_000,ak_000,al_000,am_0,an_000,ao_000,ap_000,aq_000,ar_000,as_000,at_000,au_000,av_000,ax_000,ay_000,ay_001,ay_002,ay_003,ay_004,ay_005,ay_006,ay_007,ay_008,ay_009,az_000,az_001,az_002,az_003,az_004,az_005,az_006,az_007,az_008,az_009,ba_000,ba_001,ba_002,ba_003,ba_004,ba_005,ba_006,ba_007,ba_008,ba_009,bb_000,bc_000,bd_000,be_000,bf_000,bg_000,bh_000,bi_000,bj_000,bs_000,bt_000,bu_000,bv_000,bx_000,by_000,bz_000,ca_000,cb_000,cc_000,cd_000,ce_000,ci_000,cj_000,ck_000,cl_000,cm_000,cn_000,cn_001,cn_002,cn_003,cn_004,cn_005,cn_006,cn_007,cn_008,cn_009,cp_000,cq_000,cs_000,cs_001,cs_002,cs_003,cs_004,cs_005,cs_006,cs_007,cs_008,cs_009,dd_000,de_000,df_000,dg_000,dh_000,di_000,dj_000,dk_000,dl_000,dm_000,dn_000,do_000,dp_000,dq_000,dr_000,ds_000,dt_000,du_000,dv_000,dx_000,dy_000,dz_000,ea_000,eb_000,ec_00,ed_000,ee_000,ee_001,ee_002,ee_003,ee_004,ee_005,ee_006,ee_007,ee_008,ee_009,ef_000,eg_000
class,1.0,0.5369783925131034,-0.036533234415141114,0.008872566170803321,0.022531811757201158,0.012367940966279939,0.1914529489330075,0.3406108987398543,0.4338689451388221,0.37228796333739667,0.4490747916416223,0.3690809162996035,0.24224639661460612,0.11310402903356387,0.07220237807186425,0.5245905526281494,0.12103990032124862,0.024478392017677666,0.018274783847176602,0.3739663054145012,0.38003260641949,0.5243573995687977,0.5198895389036875,0.5157255150103847,0.5311345698860835,0.1852657144736194,0.04410515064467017,0.13913498969504082,0.09313679837210011,0.15696683692117422,0.14217515013728982,0.1570812112668721,0.11190739521272072,0.16556112873662687,0.1910382766773683,0.1799881213531051,0.21260489270284388,0.23266992607383527,0.3034898582409209,0.4107980072053282,0.04244791859852276,0.20235404560531783,0.26439986004177396,0.14621092927400064,0.11972336647782775,0.3596356020530301,0.4331169065238985,0.08879831668973935,0.20385821261046358,0.046351812223002796,0.0025315020340322667,0.4315136410425957,0.4385563112809815,0.4248489242869822,0.46028590719300844,0.4787029973271321,0.4523430866180127,0.39477457053984427,0.33685591917418334,0.24319525787364216,0.2245535499980862,0.5427437088291446,0.23623508332724583,0.23097710955300477,0.15196810715343984,0.21376677902950803,0.5228625397848642,0.49738485508897634,0.4295982550013521,0.5252487326956182,0.1876843140617411,0.5374521967756642,0.5415981091897604,0.5415981341553047,0.5124029782763119,0.5003278188215281,0.20104812774492395,0.05273844290190365,0.06488147392772552,0.5197986496931621,,0.24356459945100548,0.5533079501989738,0.30846440415783194,0.4667007908412314,0.1844167003902487,0.3731621594411272,0.23227141693510778,0.3914196562874818,0.3684544694671701,0.4067740576223228,0.4747220738556365,0.3718469515742273,0.19537717719231976,0.1877728365121013,0.18516180063041932,0.10638405091529368,0.06677387567361386,0.5415980924355848,0.35392081964949956,0.3077144612585835,0.3730782126015761,0.39238222442490905,0.4383351132170711,0.4428600997745562,0.22998777748511962,0.05722362300945347,-9.14343166693859e-05,-0.0005446381309500952,0.3501631965540589,0.2472402661606538,0.12821853472493003,0.19279843723742734,0.04415247693966174,0.2427794023140865,-0.0008016458004647538,0.019626574386110346,-0.002336947315326497,0.006636953123436641,0.49318634841554865,0.3552524563548653,0.3339591388379157,0.11043471216825286,0.1986080650458512,0.417318733764416,0.41916563879534996,0.20852532575893482,0.24923454604491577,0.187663712829438,0.13751353735767405,0.0402503697873487,0.010947073831669683,0.23454969725301883,0.3728469191412931,0.3953128667490813,0.4162775501122186,0.36453192738780793,0.4451546129558823,0.43004510523180267,0.41719177999882856,0.4870187148660506,0.4162991390181278,0.16057985558012483,0.23587981537776032,0.1160990895232037,0.018399967244496145,0.017525963685838333
aa_000,0.5369783925131034,1.0,-0.03205461560588468,0.06197075027104125,0.0894737533846804,0.01861012092241367,0.14315291412934567,0.28581459104406504,0.49552874826565985,0.6076735292944486,0.7813650698284434,0.6733172642607526,0.48160029050221587,0.21378414939147342,0.0723312294982439,0.9081034271246838,0.14164201968239087,0.06406430392309997,0.038142350292725606,0.5007427408575441,0.5037243460269304,0.9152726298232098,0.9203016501610439,0.8224148911514382,0.7791803271672432,0.22411881136227202,0.06809310100644915,0.07057740936147343,0.04380678833362645,0.1802855633520962,0.2773103437728344,0.05789108515688514,0.029107944735763645,0.09980994690673944,0.11231231065630336,0.16406098016887205,0.2698909265378135,0.47639421612306965,0.6480501319769152,0.595614861508252,0.01797356375823422,0.2602415392819379,0.3454066083787244,0.21842030547671087,0.17048780192041788,0.6282938655476287,0.7420986425226591,0.17103084010211003,0.17452884480020714,0.06660855799245664,0.01988155450248674,0.6621363989125586,0.7987451507007828,0.8147600830816918,0.8273768366800317,0.8147635762879466,0.7628944251064843,0.6892335012497037,0.6216244444952448,0.4375756118366235,0.3784668739920805,0.9148403964779744,0.4101764621365069,0.4696032262294064,0.39070313854710725,0.35506889042388795,0.9078842247487899,0.8370997857453681,0.8046639220452139,0.7359510578418608,0.28096876153887185,0.9999999999921642,0.9146241248980258,0.9146240830131694,0.8500649813757634,0.8457668734441813,0.4290313330340972,0.228518534066445,0.20664517776263952,0.8471912532199237,,0.5215224528154845,0.9653458590664061,0.2737216010208158,0.7027003302129201,0.17662788729288853,0.5136522908326379,0.1524899197248368,0.3910387744804031,0.5535056602212565,0.7000406057539779,0.7966363791596557,0.6680232266300589,0.40974305754003887,0.33586592155216694,0.2984886813079869,0.1741418446184732,0.19554709261355802,0.9146241061944229,0.6507207096339149,0.5203042506822685,0.5375303647621238,0.5703301720892341,0.6496923457148718,0.818854984019775,0.4613799010723769,0.15198645219033857,0.019999649007980444,0.0205796305266254,0.620167962501396,0.35902661582629014,0.05530648032113204,0.0879318221434356,0.01625226925337807,0.21584794182735045,-0.0025791968130197567,0.055170740453356515,0.00034110586401042426,-0.00037163650640564426,0.7796812731842799,0.6837257444303756,0.6855142500533465,0.2714174581882418,0.5397899419784379,0.8152236171137538,0.8096159317925212,0.44556305055477147,0.5049977551034713,0.5608151673388754,0.38947190915475005,0.023108399246484636,0.026794459938390927,0.5864964715204646,0.6711596216503042,0.6872875243468456,0.5887970827558544,0.5509046646646394,0.7353235515509082,0.7392106923731863,0.7178100536907258,0.7272398520894088,0.726983787257448,0.6062324677283591,0.4717071199657986,0.24803934066157704,0.019864516922959766,0.03709896010494201
ac_000,-0.036533234415141114,-0.03205461560588468,1.0,-0.004997101390771585,-0.010553711794022598,0.017620222465042225,-0.0010876475442373064,-0.016664567420715058,-0.03867984118735536,-0.049295595623848595,-0.0282678730784456,-0.000991858371857136,0.022132106837548737,0.01052371906372005,-0.0015625042658421393,-0.04114855085367507,0.016004276715643865,-0.006256619820506562,-0.0016926225828415202,-0.047263969095697814,-0.04782000599953624,-0.03050145102572479,-0.033028570854496744,-0.03830255043127656,-0.016284044518066053,-0.037780292197822585,-0.003556727638327027,-0.0027164297565163693,-0.004892622344455024,0.020948906265161008,-0.005052563218389312,-0.008653899067427782,-0.006186716027666467,-0.009399909911971673,-0.012303943010878836,-0.010339534697624738,-0.003299543756549177,0.007160684525506682,-0.026617838119008457,-0.015963636696341536,-0.0022560167058287795,-0.01802524139985881,-0.03080310899899341,-0.016162878405005902,-0.038760121123598,-0.08012476218661928,0.024747533746349446,-0.008070142673670443,-0.023696895466880755,-0.016626469871337833,0.01263787080012279,-0.032972554918782856,-0.00834661591870076,-0.02146246527340839,-0.011865564429180527,-0.00762439868259892,-0.010550416767727768,-0.00423221254014678,-0.006386244379215007,-0.033632224397866485,-0.022478079347556308,-0.034016375644383014,-0.02034061930843305,-0.014577240833331359,-0.02279978064511846,-0.04466610515469415,-0.041231608106795055,-0.03866317526170827,-0.03608920328565801,-0.034866431600320054,0.012939333727745592,-0.03186637234111598,-0.034076191400667026,-0.03407619619420391,-0.028880501266312565,-0.018278208650998478,-0.06271745470528062,0.040127811564057404,0.034144475161573346,-0.02632088432496521,,0.05680285617105639,-0.032914802251210434,-0.02171324273922876,-0.030617725906769908,-0.027162750368090426,0.034318511880841104,-0.01498511730210973,-0.03207603505282737,-0.048318527988251946,-0.047220004013602726,-0.027922445890042925,0.00366856110604862,0.02178655234810648,-0.0111635983777959,-0.019262053128798758,-0.020232549150547122,-0.01061119522206956,-0.03407619345579715,-0.012375160030563,-0.026484393664973915,-0.032740703771994666,-0.008847587207190116,-0.04119537356065028,-0.01977958360110328,0.017014253031130355,0.006982127055028165,-0.0021907396004207077,-0.002763524172278048,-0.03575923130981083,-0.01611868744936956,-0.004494021392573477,-0.009789207621794993,-0.0033842094921976255,-0.01752872347188833,-0.0029325971190741302,-0.0018511139521217184,-0.005497182013393864,-0.006212972248352146,-0.027791308068107933,0.010375822347416647,0.14888669378631111,-0.03311982563076717,-0.036160172669017936,-0.0595573656642772,-0.04336845723981934,0.17859578080132807,0.11874775201441222,-0.02787282004072589,-0.02874498812829607,0.009277685364315374,0.008479705967480222,-0.04672455090668775,-0.04467200773806853,-0.022947734842051617,-0.022711914192977443,-0.020910616281953877,-0.013691893642506829,-0.008111389714415797,-0.009848774751368182,-0.011206391618647327,-0.021430427410028364,-0.029416587973787454,0.016907600023874828,0.024354162582363913,-0.006570760917771935,0.014227881746132761
ae_000,0.008872566170803321,0.06197075027104125,-0.004997101390771585,1.0,0.8231081686448902,-0.0004295341267062124,-0.0008319297114163793,0.005056946632840839,0.03416289101722092,0.06471493334088452,0.05392701717199032,0.0010784474043984667,-0.00855387208627501,-0.0017988743810888528,-0.0008122078686921511,0.047763670519133994,-0.0010010618320385651,-0.0006774336943873904,-0.0005070210782283649,0.04037854176916712,0.04072784492491753,0.05144963041853655,0.05420889128973538,0.04742451699174604,0.031093244773292134,0.012616104918969967,0.018245181933632473,-0.00143352067145988,0.00827767610672187,0.003606791234347023,0.07353064576158609,-0.0009108401561667074,-0.0006298580493663407,-0.00093241667383883,-0.0012354518371941907,-0.0010120003304160679,-0.00321593906460674,-0.012030031071512492,0.03473216201417682,0.04768374198850564,-0.0004794187815736229,0.008147533029387415,0.019461741665948825,0.008612589195544681,-0.0035463814996429207,0.0015708097236438801,0.03512586266329571,0.08860617295047019,0.019465132346214938,0.021595325925472305,-0.000529555273483547,0.030485482441128847,0.053620472922068514,0.0432860963302421,0.029436956064445675,0.022300137550353656,0.011913978817728823,0.0023050232203377114,0.004131685072669499,0.022890076142745748,0.04532639929072977,0.05240139416062355,0.07872295733848671,0.10156599445743489,0.09232110687006731,0.005245000478380061,0.04775390972583284,0.036054631335249034,0.05407469810764569,0.03386331084730808,0.02597121705782342,0.0619558658424853,0.052395369295517906,0.05239536102659319,0.04224894088292079,0.031901813884187724,-0.003929964825465822,0.011766302601111568,0.018954123250127228,0.03853186855627901,,0.06318967357399131,0.05294289998141663,0.003768802822084254,0.0330084473391166,0.0009832337488050588,0.057649513215625045,0.0025655611295085745,0.019260002961402036,0.05177177472828163,0.05190986099878505,0.028556465593593774,0.014352662170648086,0.018483398056799407,0.03081945220549231,0.020677490021836012,0.0030217772486543686,0.018945674969690848,0.05239536495110311,0.03897743661833923,0.03986367760781855,0.02358315494601503,0.017831336419017376,0.026440226153375476,0.04147936134826955,0.010379472569602859,0.0038442708432101878,-0.0003380560188281608,-0.00018082317601017195,0.061998810089624656,0.0645626190133075,0.00017420992448980403,-0.0009175938873677935,-0.00020402736171290246,0.014053474579154011,-0.00035762386906995153,0.0005438664678852522,-0.0010903089811272932,-0.0011943551660831336,0.031036400443489116,-0.0011566793003954326,0.004345339559941599,0.014472355166305706,0.06566720147228036,0.039947819961946254,0.04135688490201297,0.05079171171273828,0.028448147810153337,0.12903224436739463,0.04747728474702053,0.07998533205562187,0.05623175216453674,0.014691001469359187,0.03604909430405832,0.04355912975375215,0.02109419088371013,0.010403849106436542,0.01733763994661033,0.02490450336955381,0.01731100741865035,0.039966641579506766,0.08588442911829496,0.05235734891726021,-0.010850219136027486,-0.008205896403626402,0.07088606855332051,0.04171456335436471
af_000,0.022531811757201158,0.0894737533846804,-0.010553711794022598,0.8231081686448902,1.0,-0.0005341860677459462,-0.0010166033096360454,0.010518227289283744,0.05238592972461887,0.0977397982745273,0.08107891375021369,0.007074619622818142,-0.009177358249336003,-0.0016203946833808856,-0.0009146769132754016,0.07192609738844201,-0.0012893189522474521,-0.0008378514379706864,-0.0006297009428432102,0.05593929275255344,0.05657936224167872,0.07625097894959654,0.08047638233051328,0.07063269055710412,0.04414640964887302,0.02152763715369197,0.006130940681803781,-0.0019456920204473352,0.0024251661238397244,0.0057903336674122955,0.09401780240483723,-0.0011327982944300827,-0.0007833208843553063,-0.001159610747411525,-0.0015366810162456065,-0.0012316015782704091,-0.0039835911963622276,-0.01485442589665406,0.05189075281420939,0.07631612998037682,-0.0005814015997329805,0.013692028577728332,0.03184797028013354,0.013979274746914983,-0.0037589871867417367,0.0021091934118019897,0.06531909874489415,0.09088724654860787,0.027584461463128335,0.022728485901194785,-0.0006577861885789903,0.04503472793841738,0.0933750185862308,0.06983846227113129,0.04604887123239167,0.033850924170503345,0.019475154300208318,0.005489702836353136,0.008106402928263068,0.031822335000347424,0.056898206289781206,0.07757527555239938,0.15035065930903643,0.1609421162703171,0.12927105931079233,0.0070562950159101055,0.07191615618261382,0.05587536709543733,0.08396009584244937,0.04700966816449783,0.03568423473514602,0.08945447944270327,0.07756638064570716,0.07756636896624834,0.0688573252380382,0.05058759504960447,-0.004414622303406967,0.01833373913024705,0.023855867242949674,0.06247329513697821,,0.09417281756088647,0.07818321893128032,0.00751181565248842,0.044628044958947524,0.002074961345091488,0.09057970260381061,0.004787891980531616,0.0366721615393026,0.08788394721561002,0.08990222315680575,0.04666208450777435,0.019849912678642206,0.021998723104852236,0.03794364431026163,0.026282534461964283,0.005077880397637991,0.02098814281917687,0.0775663746444948,0.06129339027995223,0.06456438164952331,0.03512909413226971,0.028665195378390084,0.055254452957358334,0.06187607176707981,0.014441953681084458,0.006242242075232927,-0.00036137522103984234,-0.0002249598539276794,0.07885413874171282,0.08741121654474643,-4.303490001566012e-05,-0.0012067290379396698,-0.0002102999559056712,0.021998356913322078,-0.00044661853429455725,0.0008895386035394615,-0.0013638613336046912,-0.001494110319166012,0.04679570746725083,0.0044969750668757075,0.011673071342914012,0.024207417901116347,0.10247867636846211,0.06939476144736105,0.06687430725150909,0.05034713232493927,0.029046178314775097,0.18756851730540225,0.07389497483865659,0.11080680927664588,0.08477387171799527,0.016915334965527936,0.05779266690956314,0.07206670712768751,0.03241177636587523,0.019580670541615382,0.03289559820666528,0.04732562021830802,0.03078886236994804,0.06700220166541539,0.13231878227050997,0.07030647891102411,-0.013975774954945223,-0.010236750791104605,0.10628114083892531,0.0607102317406432
ag_000,0.012367940966279939,0.01861012092241367,0.017620222465042225,-0.0004295341267062124,-0.0005341860677459462,1.0,0.1653760301757583,0.09056951265391687,0.032053630023454814,0.014210883789657442,0.011640326334854971,0.023918445433577837,0.01972650250518974,0.02214525969310484,0.00178279901268598,0.021001769782861498,0.05729592688413612,-5.341224979229025e-05,-0.00012296413344992156,0.021789922336585978,0.02031138364844054,0.017448465097173165,0.013583792430293956,0.026807495441678732,0.04056695043932311,0.0005931601532018221,-0.00012347252863449679,0.0018512388365917764,4.5752506394112954e-05,0.03488607966335883,0.019601482504495112,-0.0002382507196946839,-1.8867527473367794e-05,-0.00026581594693064227,-0.00037802936983149203,-0.00031856269569932344,0.012206845838401188,0.002971589456121494,0.00718431687637375,0.04997600811754364,0.0013771186746759595,0.004396000904491433,0.005708579742912693,0.0034463478308534887,0.021976785990583694,0.036312214331761454,0.013436790809226452,0.004734496369812752,0.0156033193072198,0.0003003354543506026,-0.000101247815851417,0.022397319080154552,0.02952928651266174,0.024908469808791293,0.028355448861551936,0.02736292430069284,0.020308588506212567,0.015433277654879934,0.03137979881418147,0.011004632474714149,0.010985678092814371,0.021185331501561523,0.0012149674536570529,0.0029887175679685707,0.0009171109634133185,0.00023351254449701338,0.021023946912907914,0.028240556494405256,0.014409068078025469,0.03356457540635921,0.0033175611629530097,0.01862964644306371,0.020565497783303403,0.02056549595111206,0.027181498702641346,0.029065333800313623,-0.00040260512554168165,0.01362018202952669,-0.00028819820120010235,0.02796155927790419,,0.037415700578461525,0.022175415998321575,0.0057799249213345335,0.0332991311918079,0.0009468347429053708,0.004551727721250526,0.08887093785920719,0.05659695181306176,0.021204941867423017,0.010182793802701852,0.009101681309213589,0.037931011449341155,0.030920986704689023,0.013266344996890285,0.011279710711215201,0.002327557224652507,0.004441251711591598,0.02056549684508422,0.020346930419578593,0.01004239926470277,0.01841574181148952,0.04766232719407669,0.014238045341960612,0.02379358122022792,0.02016632917968921,0.005095136606930939,0.00020446996245714364,-4.5743782011646417e-05,0.02438536916682563,0.06491661288524991,0.00010474127150164489,0.00030296300986138016,-7.74266076328442e-05,0.001774965257221968,-8.712777306244116e-05,-0.00027526855148905636,-0.00025770122920244434,-0.0002824177540783199,0.0329296192890979,0.023157477322059503,0.03499369081051128,-0.00021440274242517338,-0.0010367693737273972,0.01964914320022713,0.02057393559266141,0.06846393895860269,0.04615483029899046,-0.0013210036312894084,-0.0009960447874675041,-0.00019767212501241345,-0.00026268795192919655,0.03291570545112299,0.017219754719671833,0.018672869933322657,0.033157265216622545,0.023680968594100436,0.023086974555516986,0.03341772569082692,0.03359952086320383,0.02274034391245328,0.011185413504048516,0.00030726630924692103,-0.0008231796968140864,-0.0012302084873795313,-7.165494758300675e-05,0.0002441860759371715
ag_001,0.1914529489330075,0.14315291412934567,-0.0010876475442373064,-0.0008319297114163793,-0.0010166033096360454,0.1653760301757583,1.0,0.7883519785678461,0.4215453438876404,0.210551599319651,0.12259973468136204,0.024088554931864025,0.011843621956708949,0.024246745273207325,0.0311600354698797,0.1055495179037976,0.009738206136631674,0.0068603992829908405,-0.0002470203344598461,0.2867520306158155,0.28402247692635874,0.10657511337163152,0.12705909682916344,0.1098369924973261,0.10052076189891089,0.0498526546281965,0.0015370382340019178,0.03039687205086707,0.024796473691077084,0.07223470194074014,0.09274984843657992,-0.0006761098873678233,-0.00032311844127751394,-0.0007068243121145063,-0.0009717466684900416,-0.0008261448989044751,0.0026143508369351745,0.007680756009239164,0.13083205201321024,0.19928201434905388,0.018676038500316496,0.0568270532318068,0.07519935006801277,0.044519901323084685,0.015678063228891898,0.1147110892053135,0.13636855174580625,0.06752536037525818,0.17470646172436044,0.02454765156141524,-0.00029337933152726004,0.10296660917450674,0.17327789726641885,0.17607291143600937,0.182335062291813,0.16850642874363017,0.12531729061797559,0.08222984095844553,0.11658950974490263,0.12193286466994989,0.17429194517701985,0.12583558727230118,0.05318395494784569,0.059218940092247124,0.019333140568058103,0.01177326773036191,0.10182179812003174,0.08985808875461845,0.07407952482155465,0.13368830202059145,0.04132031183323795,0.14331278115282145,0.11799860469751337,0.11799859604343681,0.1574714457381936,0.1753954777937678,0.003800333117358945,0.009165950784552469,0.01299581387873202,0.16235309830808453,,0.056782213460287945,0.1328132530946068,0.13679144393392723,0.1357018245918596,0.06798256051417371,0.16269367775616458,0.7565097521786689,0.6316345732153191,0.3128939122607778,0.19189829080805443,0.0926773609693052,0.041372368262815096,0.03267801557696145,0.06653515676209584,0.09971778216203603,0.025911685156004605,0.012302517729026137,0.1179986008266488,0.05901039435208923,0.04559079953090609,0.15365101268003276,0.17002912436479337,0.1530141064134844,0.13135974061922995,0.0572179391320614,0.00957203210926049,-0.000204642756519189,-0.00012053106388898352,0.05875830242105196,0.04506753138411462,0.011991967301998422,0.02244798172917952,0.002877372340947195,0.11955355759146633,-0.00017483151508409934,-9.506805933015318e-05,-0.0005173424924131802,-0.0005669616138378242,0.09646897260871876,0.05920170943277069,0.06382977682132276,0.0320468120771419,0.03279201941623625,0.07882066600889445,0.0785198288761386,0.04573710678712699,0.034687453560580214,0.032391203892150514,0.01523723529973694,-0.00027771166075408587,0.00040289841712549767,0.06560123010249698,0.09563259181680822,0.06929338091479519,0.18102152720943193,0.06357182906854972,0.10484336799001172,0.1081845623835043,0.13629792511830094,0.23381641404061346,0.1986461838836342,0.04418559667126284,0.004877721064849138,-0.004309467352999852,0.0028746119372746832,0.01093043370765995
ag_002,0.3406108987398543,0.28581459104406504,-0.016664567420715058,0.005056946632840839,0.010518227289283744,0.09056951265391687,0.7883519785678461,1.0,0.7501316125676485,0.5026914810327026,0.31456635536014943,0.09042262853548749,0.06079477905300465,0.08427963513721368,0.06677490869994367,0.23408225750278358,0.020068006655566743,0.012260814890498895,-0.0004837998383784509,0.4341268806901767,0.43313116775704613,0.24019637691885698,0.2636547483306405,0.260921622606893,0.23321285164273806,0.1719325675147473,0.018100974663245502,0.06956067074641718,0.05804985936158869,0.12572841736492496,0.1691111922738974,0.0008975151349264181,-0.0004112424617756733,-0.0009542408587793216,-0.0008690531615755513,-0.0006653657500474769,0.04978056424992107,0.05656742894528161,0.3205426845295238,0.3857666776696739,0.036267809928018355,0.17308346680127262,0.21514428542432584,0.11422117450837145,0.04554754424993156,0.2470322525315376,0.3284144369518412,0.13349828750141884,0.3422156494227352,0.058226348114315644,-0.0005144656818358818,0.2767292793758018,0.3886694802849518,0.3775284740523637,0.386399068269398,0.35438269854020843,0.26208967959459684,0.17056095639995594,0.22950695124089102,0.25665268719088025,0.3775800394638066,0.27157694038827723,0.178672716411348,0.18566139799530124,0.10165948504456956,0.059199672506399036,0.23044176598279836,0.217032255594097,0.19942779276740175,0.28729658106156813,0.08221927148778216,0.28600963814975605,0.2676971834036831,0.267697164700517,0.3260998555809997,0.3340215036395603,0.011828168981203521,0.01704199370950402,0.026127897207977476,0.32900046270542527,,0.18590696301597548,0.28244378447425067,0.2674818585938993,0.2795157535294957,0.12949435862383052,0.39538086872853956,0.6664433195236911,0.8617194858126549,0.5946335422677552,0.4315511057216654,0.2454001254536294,0.13900232046124897,0.15055648475552405,0.214978011143007,0.20125226657394174,0.04633369067837167,0.027711340966188432,0.26769717526449827,0.22035156518659715,0.15730218787803776,0.34855953863465655,0.3372251233534394,0.32322257058511167,0.31765338479326116,0.15610551715064827,0.04044585454427555,0.000519913261686137,0.00015610136213470855,0.20033746839658925,0.1631176876958148,0.04746346693238234,0.09747864522306367,0.02530977308924959,0.25236163231490205,-0.0003402256349578829,0.008333186904229701,-0.0011147621118761414,-0.0012210490421254772,0.22498884692724402,0.14239004414256207,0.151549651223798,0.13342203451948983,0.1623701086093337,0.2239662913543033,0.22571296915995148,0.10704710294331163,0.08271229883982803,0.16198849129851345,0.07821868580636072,0.0029668171702909086,0.008361797838150104,0.14881615997875092,0.2187019902156993,0.18958822709301434,0.383813585199856,0.19972614176196413,0.26186512086497316,0.2562034697353734,0.2852186638960213,0.4337936200855052,0.38550042799194983,0.18299039830469577,0.009465820221016372,-0.009498150215512705,0.011823605439436299,0.034202011768696604
ag_003,0.4338689451388221,0.49552874826565985,-0.03867984118735536,0.03416289101722092,0.05238592972461887,0.032053630023454814,0.4215453438876404,0.7501316125676485,1.0,0.8737260001936634,0.6038552052622905,0.16147378574352425,0.06579600163059086,0.1027722596489667,0.07151821022861445,0.4260372189263993,0.018784210851340334,0.010286179686990604,-0.0010352315300434156,0.5713929274753272,0.5755938881153456,0.4440658835122512,0.4748528627380642,0.45926093105169197,0.37794984381903635,0.2742907192611022,0.05456691206929815,0.07670206032245311,0.07255596526645557,0.13639152101801633,0.22109294787533576,0.014746941410328876,0.002800803655278285,0.000581202181692942,0.003032456021521726,0.002489820480099684,3.7752971303347865e-05,0.05872139502099738,0.5766251520120432,0.6362327531403716,0.03282090463627301,0.29631660161424894,0.31997524510939945,0.16581093254716975,0.05299481021015434,0.3931362936875447,0.5586125031461314,0.23834848426862715,0.480453448674019,0.09983582116729922,-0.0008913263820300071,0.442663304570722,0.6721033297737402,0.6752223364088371,0.6478364138887001,0.5622414937140017,0.40213138168923074,0.25712679418488604,0.34019920540829646,0.41393124992850017,0.6025280277528635,0.47935112127923124,0.3367421724000425,0.35405080858476934,0.2760740154459649,0.13150308133015418,0.423831514834277,0.3904450722354853,0.4046528696161179,0.4526031968262658,0.13527962195989815,0.49556026879689014,0.4774004086518728,0.47740037647157646,0.5299803828619576,0.5061200168901354,0.02343247211811652,0.044418919733995324,0.05920270954845794,0.522849704468224,,0.3589402616195415,0.46229021311332036,0.3598767523631388,0.41511954267592566,0.16298385770715493,0.61065230435728,0.4192422743060102,0.8967147786172314,0.8988083566484624,0.7543180376503271,0.45764817600025054,0.2479524675591985,0.22053501851549012,0.3372340771456628,0.2894373320597343,0.0706680974644074,0.07556823816273966,0.47740039490748315,0.4435047173927904,0.31164040241063135,0.5020847751976262,0.5158902817004974,0.48059967949970506,0.5590292586212984,0.30687134130810284,0.11103213630006084,0.009133353823998325,0.013463527989608173,0.38605264226735697,0.27978656390274353,0.08459354262681146,0.1679532968186549,0.05208674972836192,0.2799018902447662,-0.000173855016899197,0.04185132312236592,-0.001479156337944803,-0.001473121757865146,0.3667861674850535,0.1858699205520512,0.20361212102971862,0.25468228076952026,0.37258546990269503,0.39290682790103876,0.39782852340729935,0.13958960039135523,0.11286482065499892,0.4007825902738176,0.20263460192126007,0.02137591065122139,0.016966792724128904,0.23813630526109852,0.4000478143800216,0.36027301574699594,0.5702934463371423,0.2991222705816832,0.4593450143753983,0.44482770960654394,0.4604273892118632,0.6126821340502846,0.620278407904783,0.50556478844027,0.021151224379240694,-0.01931051617777928,0.02055985002853435,0.024209911967089513
ag_004,0.37228796333739667,0.6076735292944486,-0.049295595623848595,0.06471493334088452,0.0977397982745273,0.014210883789657442,0.210551599319651,0.5026914810327026,0.8737260001936634,1.0,0.7951086936241333,0.24792768569687137,0.10600116716391893,0.12710441565630887,0.05730402581063381,0.5573270334872291,0.03720701109651068,0.00946366625471346,-8.646971320104702e-05,0.512873062942973,0.5198248112237205,0.5793067917380325,0.6045304635504056,0.5659581189273759,0.46955981114730555,0.2830773284321789,0.060823410485678686,0.05688848488998844,0.051181850996738026,0.1306962288392944,0.26432849827312155,0.10008026761629163,0.06644256737848658,0.028455410095300927,0.0366632206982537,0.02920254424826606,0.026609260764775232,0.08811628700727367,0.6813197004472774,0.7393054400091341,0.02679472245927619,0.2941026768041878,0.3198781043247145,0.17215921850077695,0.059771996280454535,0.43766978889464675,0.7010262804085884,0.31910892066072544,0.4660619899485666,0.10531826091503121,0.000830215740523512,0.5614073378896128,0.8021777683136512,0.8189292346599846,0.7596091644631234,0.6481951431603027,0.4691398336443728,0.30741634558730535,0.38405172789831943,0.47218846332835895,0.6685993088681145,0.6030349504807924,0.41240105143242634,0.4463615599528778,0.36050601245354547,0.1720329383791309,0.5558856645124565,0.5171404155150404,0.5388462082862742,0.5218230352973133,0.17270615187918498,0.607977379409304,0.6016490738968814,0.6016490610473454,0.6441189437392149,0.5780625138254895,0.0716042967640413,0.07772554164587962,0.09505102730731764,0.6305094284310091,,0.44969549164803285,0.5759403508176174,0.343310568823726,0.5078944333306751,0.14720929751407277,0.6622035815398536,0.2531205120882002,0.6914877463804253,0.8892141424702967,0.8872208679582733,0.5952356496326909,0.3523691642094188,0.30825549828299365,0.42153721493960367,0.35125286855357896,0.10016165332073569,0.1097734844150326,0.6016490706475085,0.586330814902237,0.42685875687268016,0.569693269596553,0.6068555582156719,0.5334392944240686,0.6879369115047181,0.43952619327203,0.17607160854554535,0.020582320004986637,0.02648918865395524,0.4875846503395506,0.31381896790320407,0.07406651411118702,0.14491134114227164,0.04138015141196503,0.2599373341727756,0.0025422627812834563,0.06948451653577072,0.00997770932542682,0.008704022954626063,0.4596385139804705,0.21339466808372534,0.23066810711896896,0.2778915463467387,0.5215578948947788,0.4987208834709657,0.5033587348801583,0.18735529638245568,0.16645041575226938,0.5638427512616672,0.3259661688774579,0.03294555709736293,0.036484577371719014,0.3327671683475221,0.5543590802657977,0.5058854287629635,0.6517641433004345,0.4044819564563463,0.5663929193866319,0.5346997317980617,0.5220278053198049,0.5955215907078159,0.6864236342292929,0.7373126814674714,0.05639937439282769,-0.017568502560399463,0.021319255142586712,0.023717781961433777
ag_005,0.4490747916416223,0.7813650698284434,-0.0282678730784456,0.05392701717199032,0.08107891375021369,0.011640326334854971,0.12259973468136204,0.31456635536014943,0.6038552052622905,0.7951086936241333,1.0,0.6505995847839918,0.4010925501809088,0.23143888791853026,0.05842753230973779,0.7704065653150655,0.13154673532480513,0.052011952249199904,0.02190524291750035,0.3747561253294043,0.38312278216675083,0.7856170347056155,0.7805250600042434,0.7249490281118187,0.7035938377534349,0.2127708776791444,0.047693543635743976,0.0675068591199226,0.033133677378909675,0.21319113865548653,0.29236851384202434,0.16790557712958276,0.16832858942839482,0.22186158799781858,0.23462185093815124,0.23078350321858979,0.2741790007435416,0.4412146242662699,0.7418932863221445,0.7068450678985422,0.030197989037974632,0.30575618367304563,0.3725510676278547,0.22916256994350107,0.17297782018114663,0.6440273805673098,0.8759839450379943,0.24831920223432286,0.2925354674257899,0.07758815275688175,0.032152019541180056,0.8162282137375706,0.905635198139432,0.9016392657603918,0.8941395661871786,0.8610837071129076,0.768730029949463,0.6484753603852802,0.615246313539151,0.5003122513868278,0.5040757348611732,0.7883281219319748,0.3768118718639562,0.42248014946528134,0.32329311658788357,0.32942953863355173,0.7698799028960607,0.745709025380007,0.6835544231489129,0.6707647634117453,0.25254466482099847,0.7832848595391219,0.7881981220463588,0.7881981862320225,0.8757660363012495,0.840435955915728,0.38308705515118413,0.17852801608136934,0.16884471482602853,0.8739834773891856,,0.46337542663744136,0.8042946315910967,0.29697536656386925,0.666022091425676,0.18107715673330085,0.605980148261094,0.16504930745873883,0.4608129323839746,0.6554802595390377,0.8569522482477995,0.9036980550508299,0.6929780732366405,0.47529402791234443,0.4223582760743572,0.32923781451302475,0.18867381990793458,0.16640088422994156,0.7881981119968824,0.7862355411338694,0.6088097403296329,0.6956092424395496,0.7401065782857291,0.7033106310185103,0.8911939294380627,0.5798159388892066,0.20210198824417153,0.02137509102406626,0.022841145174355794,0.6247658749587849,0.3061230765283922,0.04951074177780847,0.11552762838785269,0.027741184776617803,0.22227992409598782,0.0019944793850119155,0.06340204134839388,0.02820720948446708,0.025835883610592535,0.6924216747790184,0.5303701666114472,0.5318809079973402,0.2418754109221571,0.5038911709662454,0.7270970632544456,0.7151910087242556,0.46110413689601193,0.49661387109203503,0.5055594742438206,0.4007567909983577,0.029911847165303967,0.033817284542547586,0.4991725081381629,0.7618766466401475,0.7685888075432064,0.771480288887175,0.7022853316537441,0.8371250122591651,0.7988619017647604,0.7501689479243834,0.6938468014924837,0.7172266171077938,0.6869585128793871,0.33079520126615647,0.12258202406786774,0.015369899216123483,0.014210085019118399
ag_006,0.3690809162996035,0.6733172642607526,-0.000991858371857136,0.0010784474043984667,0.007074619622818142,0.023918445433577837,0.024088554931864025,0.09042262853548749,0.16147378574352425,0.24792768569687137,0.6505995847839918,1.0,0.8566963251371814,0.3939782005085788,0.06430305013263998,0.6874786140745128,0.2553120683792589,0.11597752880284694,0.07482151486366838,0.08826835566021539,0.09230072555656657,0.6859389078308203,0.6457177657481638,0.6196227869698264,0.6998962768653378,0.03697810497450719,0.012755688071087614,0.08415609744022519,0.008711197524446419,0.2181698184385803,0.17519825484073712,0.09115394403730039,0.05045371550967117,0.1409675739540364,0.173013198719994,0.22827142039161083,0.4547493285901782,0.7857677386481324,0.6519040016711233,0.32206630576390183,0.027725100216422764,0.2331419720792933,0.3556816679475159,0.2521107618044218,0.33585522764944514,0.720635064263768,0.727023686028787,0.06880106282533353,0.08255723906343135,0.0213090915807216,0.04710849607718713,0.8509372516235332,0.6817822925394644,0.6398101124163754,0.7260227550518281,0.8131170639728713,0.8742051366266509,0.8665867872630191,0.7183645485695987,0.3378103008586138,0.17477687939272124,0.671840618828309,0.14659305624735894,0.1937663854734225,0.1268943186045457,0.41997964242983576,0.6877690718787642,0.6998329431116983,0.5540921211437716,0.596213461138431,0.2652366799220543,0.6774077624151764,0.6729156417417803,0.6729156202061438,0.8097894132819526,0.8574303529445408,0.5916138758049785,0.2497178432947482,0.20715068660256683,0.8257538446536862,,0.3000056155052411,0.7577656387122195,0.12071143462451384,0.6170756589366473,0.16690104970365324,0.22860795924805152,0.05909904730248126,0.11733287786478687,0.18107092375311581,0.38701081109004976,0.8594619949182344,0.9567759383134458,0.6748341790931702,0.37594922464155384,0.19255887213042616,0.13172356559067117,0.16142231004339141,0.6729156233078575,0.7275006687997921,0.5754942013839658,0.6262032843531203,0.6312720799191288,0.6773858721934557,0.8211726004575872,0.4937772420246346,0.13512930355538702,0.012783825198332273,0.005483005204822381,0.5074363132142448,0.1625422437675567,0.008697806217790103,0.0319020593744101,0.012498913362555887,0.08255791717559749,-0.0021896891791001335,0.018137287722277896,0.0257123480197358,0.032604131458226125,0.6934441043410549,0.7310871369301937,0.7128702445472536,0.08625907610371902,0.19084556331299898,0.6829697731788696,0.6674170652239381,0.5610270788497074,0.6637020090362737,0.14864004986008789,0.2354378166995153,0.003382887196424981,0.0011805384951864605,0.46493178342920344,0.6735448080936827,0.7498765699042591,0.6501515649857296,0.8159772449509267,0.8562112426319504,0.8270541782205898,0.7925586872881755,0.6135996961136778,0.4931065333690667,0.3094811878245639,0.6093389875437363,0.3472799424109615,-0.0022948699437244703,-0.0002639731426475595
ag_007,0.24224639661460612,0.48160029050221587,0.022132106837548737,-0.00855387208627501,-0.009177358249336003,0.01972650250518974,0.011843621956708949,0.06079477905300465,0.06579600163059086,0.10600116716391893,0.4010925501809088,0.8566963251371814,1.0,0.6683155055937835,0.10225681459883582,0.5313499376330596,0.27798064243534676,0.12247308862508947,0.08181081844470041,0.02489935131319175,0.026976052061750067,0.5195139092215942,0.47442553553102,0.5018900373795163,0.5886952056927643,0.007665280072649869,0.0034279144991973933,0.11888287824169773,0.013820855720338842,0.2751809053692718,0.19297736424092946,0.023512025133065936,0.01018556237058758,0.0326378963425794,0.051930789878331475,0.10182900186493894,0.34488717921280887,0.6685241900661192,0.583167845703838,0.20377949671676948,0.15810506852569733,0.20722915644363174,0.3338044438655022,0.26632379099338166,0.44224114676335996,0.655517454867059,0.5314363356569117,0.028842095544797938,0.03689781031811425,0.013720983070173986,0.05441515282606415,0.752684759494288,0.5136361926617102,0.4565835157351702,0.5412187597840812,0.6284856783893285,0.6884406103038571,0.6853113613139836,0.6248750777631736,0.2837230474000667,0.10435962257165775,0.5159950475086718,0.07111524675531297,0.11015104796812283,0.0672570670596172,0.3429356788665942,0.5316221525084566,0.5763212803087789,0.4074077305318291,0.5164360463027833,0.2275507272617867,0.48360359246468826,0.517142176821504,0.5171421474853962,0.6642799496169397,0.6886436218542367,0.46807753969199634,0.20200035257022622,0.1736678098949604,0.6813475381653152,,0.2648048489875696,0.5962621401298493,0.1136795144777107,0.6030117565373818,0.13743286578255265,0.1124956441509299,0.042672585643231085,0.046092274042164115,0.06885557684024757,0.1948067995144568,0.601449813052071,0.8608160310185974,0.8177765798474641,0.48053066144811374,0.20397542329558296,0.07454682708815835,0.15245757589606773,0.5171421650831832,0.5806108105710529,0.4720892425825455,0.6309378266101914,0.5740817644276665,0.5780423094409108,0.6218535765987893,0.3827962428560778,0.09544250007256411,0.009724041258680675,0.0002248551219382638,0.43870670415798735,0.11105179983550383,0.001841078847242934,0.018846043932390776,0.014635882447564856,0.07846003385281496,-0.00011529332589490775,0.014980889066083556,0.03530207893292145,0.04646239959265114,0.5954624401457803,0.5137668184689478,0.5041759136865732,0.06496719957599843,0.11029096534905466,0.5025707515145507,0.49534599220101405,0.4621525964651507,0.5483962747058417,0.06312010314043422,0.24233106751783492,-0.0031974325943420114,-0.005267321638155621,0.32289250376416073,0.5289270033072175,0.5911636024249945,0.623059885933398,0.78954665635437,0.6612612811563776,0.5843532372610555,0.5509914658182825,0.41483524931166327,0.30931396543989476,0.15847186987973336,0.47328358473433707,0.2989928648068237,-0.0057369916189734,-0.0010686660631246485
