,class,aa_000,ac_000,ae_000,af_000,ag_000,ag_001,ag_002,ag_003,ag_004,ag_005,ag_006,ag_007,ag_008,ag_009,ah_000,ai_000,aj_000,ak_000,al_000,am_0,an_000,ao_000,ap_000,aq_000,ar_000,as_000,at_000,au_000,av_000,ax_000,ay_000,ay_001,ay_002,ay_003,ay_004,ay_005,ay_006,ay_007,ay_008,ay_009,az_000,az_001,az_002,az_003,az_004,az_005,az_006,az_007,az_008,az_009,ba_000,ba_001,ba_002,ba_003,ba_004,ba_005,ba_006,ba_007,ba_008,ba_009,bb_000,bc_000,bd_000,be_000,bf_000,bg_000,bh_000,bi_000,bj_000,bs_000,bt_000,bu_000,bv_000,bx_000,by_000,bz_000,ca_000,cb_000,cc_000,cd_000,ce_000,ci_000,cj_000,ck_000,cl_000,cm_000,cn_000,cn_001,cn_002,cn_003,cn_004,cn_005,cn_006,cn_007,cn_008,cn_009,cp_000,cq_000,cs_000,cs_001,cs_002,cs_003,cs_004,cs_005,cs_006,cs_007,cs_008,cs_009,dd_000,de_000,df_000,dg_000,dh_000,di_000,dj_000,dk_000,dl_000,dm_000,dn_000,do_000,dp_000,dq_000,dr_000,ds_000,dt_000,du_000,dv_000,dx_000,dy_000,dz_000,ea_000,eb_000,ec_00,ed_000,ee_000,ee_001,ee_002,ee_003,ee_004,ee_005,ee_006,ee_007,ee_008,ee_009,ef_000,eg_000
class,1.0,0.2073011730947985,0.024241606127528566,-0.007282954147594481,-0.007822173699200574,0.21420371576061528,0.4294221047970183,0.2923143731478815,0.20881490892322083,0.1773368634684753,0.1818172836152685,0.14388726592120937,0.11816176555434282,0.11903336859015864,0.06158778882368728,0.19991058447493185,0.2837920761220127,0.08466062787280511,0.06721410213398751,0.19946264791739332,0.2003663648586591,0.1993754082108385,0.19872571269852266,0.20136620183828374,0.2004221527610841,0.17331988753666766,0.04025353353315124,0.08932103347360702,0.1044123318441094,0.06932232267333466,0.05683412327840838,0.10496444683183569,0.07193125883868152,0.0726880437203819,0.08076265825017163,0.1161016602396598,0.016937988654836908,0.020555665324030144,0.15881123048537749,0.158970383599993,0.27434020415970006,0.1799495222117385,0.17915969335269705,0.17907816365226042,0.1339864526502428,0.13229260770504606,0.17652694864013058,0.04228366088442924,0.11241429015317679,0.11629269513131767,0.10896504630076079,0.18035331303646185,0.1801496723673485,0.18119169510578945,0.1804908059592825,0.178032592773537,0.172350639486207,0.16345556650150173,0.15463860364261653,0.15398429175430592,0.1579315001425692,0.2010172649502952,0.13300015440908042,0.1323791685133239,0.13591582461803436,0.08136505242946634,0.19963667748933764,0.2000165812456247,0.19723605852777734,0.20279984024656159,0.12130255847917858,0.20768281390964763,0.20097438881460308,0.20097439662663916,0.19031486853996393,0.18020866755077164,0.09396224937522703,0.05283037005116889,0.06772104083612694,0.1907469823327921,,0.012906809303492845,0.2096176806694933,0.06460724913238687,0.20911443477053734,0.1460160711556162,0.09480910213025703,0.3183952650915062,0.2065531899949777,0.18347602028456736,0.18162989665337692,0.17760592716175463,0.1559829619758077,0.13680886906261977,0.15155481773426374,0.14212145294344014,0.11165443490056418,0.02357444896134106,0.20097438881461463,0.16317502269995354,0.17265900304788678,0.18425465350156334,0.18091139787119187,0.1838539597023158,0.17426385690265506,0.09385179127783672,0.046975637806628105,-0.0698705688001503,0.002348758065308804,0.15213418130834008,0.12949651142515742,0.07257930428730072,0.06023093357957871,0.040233758927541066,0.03572861199406416,0.001068693869271995,0.003362089685371413,-0.002764151420577747,-0.003397694452846206,0.2010242237790501,0.12437422726880161,0.12166381511466366,0.03891989428094584,0.03844470320815752,0.1450892486503169,0.14368953829438386,0.0847602419343593,0.09009068797397003,0.03789719405656393,0.035492933810664665,0.01848557917802731,0.006024313096461582,0.10984667730588127,0.11487483886300857,0.1265860052584228,0.18381026893069438,0.17643474801577627,0.1743942461868553,0.16888319901203877,0.16593774122192656,0.16391003343814206,0.15610607354535985,0.13687073667234742,0.0848627511063725,0.014743359118180824,0.015789289422324524,0.010654743482465041
aa_000,0.2073011730947985,1.0,0.3651466026487585,-0.072065353887952,-0.07812436279140307,0.0716778332272789,0.13316316648778606,0.1730150388073399,0.15666558207690243,0.5087590535434038,0.8304522403131898,0.8555926729234158,0.791018755056976,0.7399259981855465,0.4726832415117745,0.9605881994360799,0.2926574073002695,-0.033618675763899215,0.05402340238503795,0.14114358114905293,0.13624746476863453,0.9608452650200371,0.9599261711273235,0.9008112238999098,0.9253381080120703,0.06513520390880195,0.027313674975307466,0.21924419150931138,0.033022013655939104,0.4859750489951951,0.4515523508894583,0.016583365677854046,0.03834454998376594,0.03976272394195709,0.05252233092595445,0.12787486412806393,0.582761674137802,0.7311108150128603,0.836177188294641,0.6415691835689874,0.06142800683545026,0.7201707849769519,0.7572094675839564,0.7582680464313636,0.7208613927138888,0.7808203007603043,0.8454768994296264,0.21833376961323556,0.16901150230027695,0.09780696083649511,0.11711709967384193,0.8839158808863503,0.9131332158933322,0.9161559272885303,0.9164007567695285,0.9054727686357932,0.8797988919156133,0.8345517843283649,0.6085710958216662,0.28641785220822846,0.02622069641360154,0.9556528955757068,0.49385856993311206,0.6756098910925814,0.737754462441307,0.633379915136704,0.9605990984439358,0.9384662835618242,0.8861480413111025,0.906387314074574,0.5515361780949957,0.9999903789216275,0.9556505378338086,0.9556505093089613,0.9135555205571634,0.9156188287920562,0.6603650772133312,0.6632545083413903,0.644284415772538,0.9227310025624561,,0.5350168670899178,0.9786150581100018,-0.11109502334113071,0.9064397349318946,0.04760528770995902,-0.051035305399483845,0.11956433691361858,0.0891137438421448,0.18649127849969988,0.6905185114664181,0.8879273781374089,0.8631690108270955,0.8047275140276757,0.8309072280360023,0.8316150196494769,0.7356065699708546,0.34886453997509687,0.9556505104327152,0.7982962344946913,0.8704721848749832,0.8136022437505867,0.8560983905144587,0.8511290963588508,0.9081618661208086,0.79650487528576,0.7026735351395299,0.2502347841037564,0.06956991710522754,0.865253807049655,0.6412054674460623,-0.08077702477094521,-0.11289068572542235,-0.03882019744758849,-0.09875431968176067,-0.019781088787048033,-0.03879957499110388,-0.03208031727300528,-0.04029481498137126,0.9273200751081805,0.8688009016499775,0.8692074877607701,-0.16476769624878407,-0.17152672390115647,0.8715661586855288,0.8696857318469001,0.6556323276142504,0.6837341912798504,-0.016265348282891515,-0.09153177073410329,0.03776116777868294,0.02925114803048515,0.7180438811527085,0.785196741063878,0.8324034586165535,0.8533657455660458,0.876865546676978,0.8947721657005565,0.8958786378640076,0.8890755549495452,0.8803127284974082,0.8544335891131518,0.7952881733434849,0.7737793187517067,0.575934624349735,0.012616474573473849,-0.010337037130737489
ac_000,0.024241606127528566,0.3651466026487585,1.0,-0.0018179624157848052,0.0012945110527263553,0.030443267659335083,0.04791652242824561,0.03300351338382259,-0.002753449883873993,0.14367161972308354,0.30959916874099525,0.3291029322809018,0.3351130209582001,0.37503498570988214,0.351608654007859,0.34883633942245246,0.1099711998050853,-0.2365742984145529,-0.002673658330283293,-0.031556360104443626,-0.033702782321631285,0.3603005531755785,0.34923619872156486,0.35474436230823375,0.4046980421537828,0.03034827737267972,-0.004159237098111024,0.2054699093737078,0.005956493266490359,0.7587825742306245,0.7369263574579745,-0.009152494329851215,-0.008410316762420286,-0.009352265359893173,-0.006750067897703312,0.01939952471371634,0.232566511507154,0.2871836661736544,0.3198657443791614,0.23375277169545633,0.016826586039698277,0.16176161936113895,0.24838033464309311,0.2558955901704397,0.31173795316314745,0.27128585743547967,0.3306171569140332,0.1499212608080101,-0.10251238540500257,-0.0746957762849888,-0.005570669299849427,0.32748179203305594,0.3911860841307335,0.36340638579702217,0.35938124953635314,0.3462635891925864,0.30980445456750366,0.30780542540173256,0.25027484395685073,0.057542645403879385,-0.07710782485249594,0.3621193308934453,0.27640483019800505,0.33086717856045134,0.351659783868384,0.17807964158120024,0.34863318476724797,0.36610982812346066,0.3374154871860725,0.3711240321870996,0.25229322585689856,0.3669973818592042,0.3620829505975232,0.36208267221464274,0.3649451761533381,0.369199581026259,0.08839073797538632,0.2960114445912281,0.28044801706841405,0.3771247003643247,,0.716120150150442,0.37076175618366314,0.008464641674816021,0.36974702792577174,0.06294648622185135,0.09964479662672668,0.018965931561380062,-0.03182438319163185,-0.007197618345907032,0.22390684269303063,0.3092659909948318,0.34830910606397675,0.3765805245212563,0.3702451332724768,0.3558929352012908,0.34870095537182644,0.5167401825843008,0.3620826969223525,0.29377460204422856,0.34609827863252207,0.3074193472767857,0.36416929301588463,0.30004025525098565,0.3461353703582386,0.357846682672851,0.3574985109248519,0.3261524650354564,0.1299622702803506,0.4071255285766713,0.4054536919782774,-0.020087534709133655,-0.03382265933442815,0.04964301169101482,0.0246369805932643,-0.002886419834718901,-0.010668106428613133,-0.023435498773730103,-0.02982309989646809,0.3779033039879689,0.3765290557943438,0.4384432133842555,0.012971379177671659,0.006998110091717548,0.3921833142474007,0.42295426080172527,0.4132142589864358,0.39662913913085923,0.18226743924606506,0.10793118124470862,0.05861180738297824,0.07694185501855433,0.2417371708636959,0.3040463935192912,0.40525742108051566,0.3582203136869365,0.357770168581163,0.3547381816082425,0.3457299604877802,0.33346426225522663,0.3190163789974874,0.31874752545443397,0.29839436105563616,0.2964788776919801,0.22082238892913178,0.04021018468630518,0.036164209572530054
ae_000,-0.007282954147594481,-0.072065353887952,-0.0018179624157848052,1.0,0.9702057383109451,-0.0092757144736592,-0.0016775299097827653,0.03747028092578757,0.11727976917137485,0.054517591732443894,-0.046045852759890475,-0.1352976396810209,-0.1450426657647155,-0.11333649209736625,-0.07527839940337779,-0.08867528164678815,-0.04072899423303538,0.11806270160986329,-0.008022456380500897,0.13410484670103248,0.13515627404506508,-0.07766831200894746,-0.07297376883165425,-0.04622978408913484,-0.09455775167305858,0.06263042646037846,0.005068727148225522,-0.05084912965894343,-0.0018909297477559441,-0.026364736053784615,0.05211316319218683,-0.013384528106551576,-0.024126964012915295,-0.02448845551037055,-0.023623569532242563,-0.012270737803773808,-0.14624749125446201,-0.15633338016224504,-0.05612764532534511,-0.0003785789968091735,-0.002443846442687616,-0.04234268110745218,-0.049295040434840204,-0.04954782887957575,-0.09041043076053054,-0.14216175667876652,-0.07636786799263867,0.056618774755459414,0.06100340657317488,0.03887631964605793,-0.022021920868973092,-0.0760883277339584,-0.0837564700848968,-0.07741759294651622,-0.08232064456268197,-0.08694966402677869,-0.09461838025914289,-0.09089555002077782,-0.024671200938646387,0.11337404459870314,0.1983756837121919,-0.06884079362292658,0.03422525720996161,0.0017645000007512816,-0.023878486803070597,-0.08425726921216341,-0.08870285083471932,-0.08627094783419455,-0.03327403412263247,-0.07121756185779968,-0.030302529358068375,-0.0724259919488814,-0.06903249940336699,-0.06903251690551515,-0.07694799150022935,-0.09184914305034081,-0.1349086952825895,-0.07268335223016227,-0.06927348973942127,-0.0875304490392993,,-0.001325813878549704,-0.07875582144193832,0.037806968901116365,-0.07119744244562563,0.15633087348123026,0.15823995672059127,0.025568961262764478,0.11514517481925467,0.12759869662540566,-0.006566126055269408,-0.0911311985473712,-0.11541204189595698,-0.09570936731074338,-0.07979524681848946,-0.0841754444260497,-0.08049414522099527,0.03836384254139096,-0.06903250529769557,-0.0439219984343325,-0.06747375366368498,-0.045508914810703315,-0.09064031820281758,-0.07405029010281833,-0.08119046546640021,-0.11692256217861548,-0.09849260118526257,-0.04154509244845753,-0.00421628766869991,-0.05152519008759057,0.030299262968897758,-0.014846960223904122,-0.02025119143965988,0.050270387321115155,0.04828347459109609,0.029789533721315112,0.041336921796035375,-0.010429507006047152,-0.011421250868537831,-0.0787402103984006,-0.12030969662839275,-0.11651100591678255,0.3231200431067936,0.3261080072270609,-0.07155661721056508,-0.07302344872745845,-0.058601085577956805,-0.06221968526633804,0.21983970669967526,0.2320536423446409,0.20925702597044288,0.3024481613290256,-0.10287408997804706,-0.0785583924298824,-0.06257612205437177,-0.07549950987371674,-0.0986017049483176,-0.10371789008516845,-0.09799578208436907,-0.10024848911069538,-0.09245050438325328,-0.0250567470252514,-0.033442478756521336,-0.12372381525824955,-0.133856837735657,0.18127781161806317,0.19903748681617495
af_000,-0.007822173699200574,-0.07812436279140307,0.0012945110527263553,0.9702057383109451,1.0,-0.009443275226549076,-0.004168023733127773,0.03473422839839602,0.11367991656387869,0.04899921227516704,-0.05191910166972919,-0.13979029088503334,-0.14998357294155468,-0.11735562072868666,-0.07801717668228399,-0.09497013160586781,-0.042000226432365055,0.1147013305582863,-0.00840608482734814,0.13205863608660967,0.13319607091229738,-0.08365017289232873,-0.07908544776246261,-0.05146096722956529,-0.10007124448982974,0.061902338037961996,0.004865004732545985,-0.05208496637223402,-0.002060078470557918,-0.02965896937927336,0.04947344727777868,-0.013760973585463,-0.024610465532749533,-0.024977816175109382,-0.02414407267632039,-0.01312704526840039,-0.14941689566724495,-0.16122782783142467,-0.06227246603095749,-0.004702363898441167,-0.0029481958278367556,-0.04940067738017765,-0.054920481125983266,-0.05481180237970267,-0.0925505377191711,-0.1472306066754498,-0.0828540431092479,0.05967294968293448,0.059151744710034454,0.03671270899797749,-0.02275226758079094,-0.0820635497036485,-0.08989097500284428,-0.08343480135071135,-0.08842589070473822,-0.09236691949727945,-0.09924663022096382,-0.09476910580252501,-0.02831249070390267,0.11283100856695914,0.20166340565003849,-0.07471518925954578,0.0297014380818972,-0.003180680414147038,-0.030058831112599695,-0.08935691151446754,-0.09499575192729062,-0.09211907928235326,-0.038040264566911286,-0.07715509106572112,-0.03431095096453805,-0.07865406570164724,-0.07490178786922613,-0.07490180501496563,-0.08258563375432805,-0.09714142748087133,-0.13858339377989615,-0.07795727566410134,-0.07484111769598754,-0.0931832525830583,,-0.004697853243084583,-0.08446885405746103,0.03812046316948199,-0.07692263895103967,0.15595004748751531,0.1580450219195914,0.023032915271212668,0.11192946292127433,0.12498516602868502,-0.012646415721680624,-0.09675245593447629,-0.12061438685136353,-0.10089475945359024,-0.08522199566167668,-0.08920209900616091,-0.08436514242057959,0.03308788013916542,-0.07490179366115952,-0.04906567651048325,-0.07318717166428813,-0.051613304444445805,-0.09641609308346058,-0.07983827001054158,-0.08705196656421299,-0.12230344270388883,-0.10322624521146183,-0.04413003067342165,-0.003916449594782594,-0.05748817796225213,0.025258651776510904,-0.015504354192627,-0.018774564551826262,0.050376775823467015,0.048768903437731666,0.030582203907595862,0.0402726354663313,-0.01066480025274373,-0.011670659326963793,-0.08423365812844405,-0.1258364628074181,-0.12216331867590885,0.3267247303996679,0.3295491387573881,-0.07716307973688687,-0.07862919760998843,-0.06130092099770496,-0.06525571774872181,0.22292748086269146,0.23405175773146933,0.20703965732175825,0.29973090845311184,-0.10814999695825764,-0.08743964727716454,-0.06796811819111734,-0.08142209706844339,-0.10424403336808519,-0.10945046950058729,-0.10368304785025592,-0.10580076587481838,-0.0978850762810312,-0.030606864047854673,-0.039074469275639845,-0.12882716517017803,-0.13703720334322345,0.18388093617889392,0.2006480137068227
ag_000,0.21420371576061528,0.0716778332272789,0.030443267659335083,-0.0092757144736592,-0.009443275226549076,1.0,0.4719718463575917,0.22938266263423768,0.1137925091148201,0.0740932905986408,0.06603656033684387,0.056705274536602096,0.05129606067006499,0.056562756573754605,0.04623198411649057,0.06857923092590745,0.10153989822203156,0.026558638765933302,0.02456972912472578,0.04438925058995942,0.04601002665756365,0.06692884955092966,0.06810182775550999,0.06846860868235173,0.07057682855807434,0.05000352150356019,-0.0010540156579180093,0.03611354900607029,0.01669994555260802,0.04202871014773655,0.03724509435174217,0.009452170308835592,-0.003657435301916524,-0.003823422579120803,-0.002186821120281865,0.004437487850052602,0.007224498498098486,0.026302570925158076,0.06514756298816063,0.05686804783769169,0.16565429139191423,0.07102601143356305,0.06972159775896317,0.06923579891005185,0.057900464264225834,0.059025114375001304,0.07146430777124797,0.017719813576561588,0.04047021719851736,0.033407050005245735,0.048570709092798536,0.07078677711011323,0.07335847055260822,0.0727783263884731,0.07367376053975784,0.07408771405255443,0.07296395260221603,0.07232078718655163,0.06878336174568975,0.07096169656705657,0.07218900485187904,0.06961394818891008,0.029224499441206715,0.04121915787379576,0.043615950809094306,0.03529137599392671,0.06757746443013893,0.0678606483856303,0.06650562652551935,0.07099979538988045,0.03734519565004789,0.07171582121854457,0.06900239538055054,0.06900239538055768,0.07517573034715316,0.07443822771497473,0.04170770234184527,0.027329758787738023,0.023896922315418987,0.07508261883279674,,0.022435996034039056,0.07258663373480007,0.02589976319151404,0.07483074190998018,0.05412287689247784,0.04046367930885452,0.16617902131056855,0.07584430017723555,0.051262000260853605,0.062289359320658995,0.06595288937048482,0.06557620091917274,0.06166919912427808,0.06505426102963982,0.05999007203170964,0.05374304316892469,0.02419657376749749,0.06900239538055462,0.06802618325247332,0.06947701774975525,0.07278432678905833,0.07547370032645878,0.07240392055663736,0.07210252687743458,0.04205985443496419,0.02073996714197357,-0.012137441455460043,0.007280297788636709,0.05464970009307445,0.04914952643190576,0.011816748596266906,0.009894779991672506,0.017120334145733124,0.013254535023900107,-0.0026098130438944904,0.0020908219610577504,-0.002828226575024251,-0.0030371164359739027,0.07011097714717568,0.04981004959994849,0.05223034901760372,0.005848829671622306,0.005674078209429469,0.05194376934183718,0.05359809566752184,0.04863661298009315,0.04927252975794805,0.005807210727957597,0.004897697718019086,0.0014634398356004848,-0.0024714433297491805,0.03404330101675492,0.04651817462681725,0.05161559257495632,0.07534904121038817,0.0720639633803462,0.07006986209459293,0.06590119703849377,0.06363421961512798,0.06272415117201262,0.05795785531838127,0.05160518345488712,0.03959383407715873,0.014110347119509974,0.002077536660365076,-0.0005776764447393237
ag_001,0.4294221047970183,0.13316316648778606,0.04791652242824561,-0.0016775299097827653,-0.004168023733127773,0.4719718463575917,1.0,0.490081135735645,0.25591950592565976,0.16516016917520443,0.126684488146626,0.08486736737245995,0.055653475820831834,0.06702409829251352,0.04155383579354496,0.12219484790572901,0.15100500567194222,0.03871925972415099,0.03255092098965198,0.1773509737327816,0.17724873807622943,0.1219967846053375,0.1260474930434036,0.12856299696008916,0.12291958938774417,0.23385197705507016,0.03144557271771593,0.03520807936539672,0.09240413106642634,0.10520557326387298,0.09980667591602957,0.009162777848324819,-0.00677806745098745,-0.007098408477725397,0.00042938510715867067,0.024046795473889937,-0.03772073282959811,-0.014194865451432356,0.12709419669687538,0.1373642629360108,0.3202597010544686,0.1430485657680805,0.13583198843622682,0.13422819760842078,0.09313108873760732,0.08766223184532489,0.13368336185374421,0.016354262390494118,0.08675370280815033,0.0659830957309628,0.036144239808001834,0.1314350252985482,0.13645909976356715,0.13757949933266403,0.1364500723883296,0.13394867784376138,0.12792233246113843,0.11913750282820326,0.12259493261546524,0.15335451999079286,0.17763702074830917,0.12686921794697467,0.09808116202197635,0.08587882214228408,0.09525320195815987,0.04111642899739482,0.12227347176781142,0.12385595796576121,0.12249843662034893,0.1328614870334549,0.08093084572989459,0.13305734839869945,0.12634385764217385,0.12634385764218686,0.13339411995208186,0.1339675162082367,0.04147641497004304,0.037973528583290346,0.04706345034828114,0.13345954601660065,,0.051860110502187064,0.13297531437546603,0.07697673885635446,0.13935936168453955,0.1686741584857326,0.14155960267233242,0.5357246378809112,0.26632226948557247,0.1707640917109492,0.1407209060831088,0.11884986623025362,0.10030130267549976,0.08331452285619584,0.09836887776048787,0.08378362231387229,0.05673678680744184,0.05487953072157608,0.12634385764218128,0.12609573435500057,0.12701382744594827,0.13835128831498472,0.13656622845777386,0.13803909729278266,0.1308652088606316,0.05747172733970715,0.020622882155822995,-0.041397453146324446,0.01074573235310773,0.10355567548976077,0.10576515824765101,0.06641417882575537,0.054404258629165876,0.042882850412028495,0.039998421444463285,0.001737588954212181,0.007008458602424403,-0.0056537821111057665,-0.00607136455285847,0.12882981680809896,0.07814816878633132,0.0791371078154118,0.07494159495992246,0.07449561280971245,0.0946216694526141,0.09400679728066895,0.042783504591398416,0.04728684766598892,0.05735458792885767,0.0497976874154463,0.016511819429978473,0.010454963719404358,0.07276924915399914,0.08918915709255751,0.09734283737506741,0.14110885011077498,0.12855810177257815,0.12842833316813596,0.1251027774935341,0.12410657606333958,0.12592086964964028,0.1282419080132642,0.1193143647999946,0.048368315939586015,-0.028839796407922388,0.02422819340629729,0.01975808240418021
ag_002,0.2923143731478815,0.1730150388073399,0.03300351338382259,0.03747028092578757,0.03473422839839602,0.22938266263423768,0.490081135735645,1.0,0.5250014477836041,0.3196509337833632,0.18118374440902912,0.06537322897380016,0.011084042245822667,0.03883215285059461,0.02005528042304195,0.15783770319062262,0.13072246860991135,0.0753355909433058,0.03766307998920566,0.3970499813495356,0.39633789503378675,0.15952145783896646,0.16936788607109465,0.17855575221334832,0.1542716363344501,0.41972521132466223,0.050939490168629975,0.0028427845869054696,0.06578231055562611,0.13712869815645048,0.1503082447210027,0.06756342410684557,0.03684677214245999,0.03645229186341278,0.05669400798545911,0.10198290201729529,-0.08039591709130613,-0.0790124655946683,0.17615045432329643,0.2333893988819078,0.3005231383026824,0.22350430763649226,0.18986496488692492,0.1872360732828133,0.08661101692132954,0.0738974941318285,0.1806934186046864,0.04561832444860375,0.21137746180001626,0.18809729539726866,0.03516238714805835,0.1751932123507777,0.18725107553761058,0.19642074025333583,0.18873126720728872,0.17789156226003014,0.15878764295139686,0.13529723264849502,0.16349072675517576,0.265355251088219,0.3254846740395454,0.1704284812277848,0.16668728669650257,0.10780405802336583,0.12619761291469936,0.0020771093957838585,0.15855217334877755,0.16227026827089103,0.16669447844930022,0.18710492937694126,0.11270891248199368,0.17296570616804086,0.16906201454034514,0.16906200344028477,0.16504446237565532,0.17339870772806745,-0.0065495698171504435,0.03972356480761374,0.06418828894118396,0.16308189978159707,,0.05649227385424788,0.17073745537829224,0.1320207575615832,0.18899336372232817,0.30475431077420406,0.28128592410359093,0.7800338450077797,0.5959347811833351,0.3711550605244752,0.24090262210120972,0.14794837562550028,0.09890573675470857,0.07651948638328201,0.10476778505196038,0.07279238408276009,0.0315610135615602,0.10009435678984029,0.1690619963890954,0.18203705041886362,0.18104842384561856,0.1951583679781585,0.17851639757040755,0.19253729417735618,0.17346886165796063,0.07976515786605755,0.043059317690461674,-0.07182244991481865,0.025210261661401594,0.12998535781958323,0.1600627054140088,0.11780704978426207,0.12292947380884284,0.08162152051898798,0.08150005659163476,0.024890716331596705,0.02253421903003035,-0.011341908285082929,-0.012386136765133381,0.17447891594971346,0.04436195091407848,0.045141882527244236,0.2049899298260816,0.20506221352495396,0.0998304813388552,0.09708071832329937,-0.0158512104804385,-0.008432319805318717,0.16284832657784595,0.15657476858516683,0.04554057896914143,0.04971044961755101,0.07311602932216883,0.1308797846083842,0.1386658863161231,0.2005412888812116,0.16547682021127944,0.1639710224475485,0.157576316791588,0.15011983750299543,0.14950317443586622,0.19132050029812048,0.19508353891062494,0.03360582938747602,-0.1022348020578112,0.06779954854132025,0.06457702103288841
ag_003,0.20881490892322083,0.15666558207690243,-0.002753449883873993,0.11727976917137485,0.11367991656387869,0.1137925091148201,0.25591950592565976,0.5250014477836041,1.0,0.5908400486418465,0.25000863129181633,-0.04085667999978833,-0.11705821617524188,-0.07709824960085011,-0.07105905139242964,0.1396256330900873,0.07307345136114099,0.090121254158732,0.03912375664949728,0.7509545079145934,0.7488913743134241,0.14857014768252916,0.16095331070313387,0.18083119911927753,0.1283908164704087,0.4186543636906353,0.02964067966482082,-0.05236439991744513,0.04026174088627588,0.08984617854406264,0.15502141843029132,0.11674268705126521,0.13226954838621577,0.13266959738944156,0.1464329813054418,0.15820665940864548,-0.12651276666421496,-0.17013041554204303,0.17428415836139036,0.31154577340041045,0.19623526135225708,0.23088974653972977,0.16971518707904745,0.16770623585726474,0.03494015840837013,-0.003733023507418582,0.19314778211592606,0.17862522302673758,0.40086558226469243,0.30031903840047725,0.029636071626476287,0.16916811995553765,0.1911514712570284,0.20438739098076356,0.1855632233923864,0.16182298472331777,0.13093478788148574,0.10203804091984132,0.18189540266829865,0.38669913262075567,0.46605028292148154,0.16495320553083667,0.23628881583622988,0.12234800167358585,0.1459804551358574,-0.06012877266312794,0.1403302659741054,0.14245903076125652,0.16921329516186215,0.18279190969768938,0.1323662146241033,0.1565874858179753,0.1635523293973135,0.1635523423638395,0.16681353430673723,0.15892422148746702,-0.06461322324174718,0.053863520142489345,0.07322081992877436,0.1593683122584371,,0.04652488143269588,0.15291014707626888,0.20496267277274666,0.17944616546129175,0.40061394921490096,0.3973169127117087,0.41207165408763763,0.8420928026096088,0.7156175690851131,0.389540705154983,0.13843679753220048,0.017748924385688637,0.002371444297261742,0.055638535007464754,0.016147002629886456,-0.03744126141852904,0.1250988117688404,0.16355231278625507,0.1922372100691954,0.19346556705173157,0.20382052777108142,0.15844022152924378,0.1862755985232695,0.1577747249283943,0.06915171929634457,0.06358001727461307,-0.06056633257804367,0.03980992755342851,0.1511030706638358,0.2219635672507864,0.13202000879612685,0.15382713783388763,0.13517934629298065,0.14935212539041712,0.0441606188033085,0.04179985109476805,0.017608244577516127,0.013799876992254215,0.1631509717343587,-0.01656341208432184,-0.017568050545068437,0.3331842428429404,0.333029049644638,0.07766440269996362,0.06752263658218026,-0.012321515591747816,-0.011998961715572652,0.2553988194398882,0.2610064173556558,0.08270465079790237,0.11064145742730207,0.052920852511903975,0.1476659212604864,0.16611327628557016,0.2076201649694529,0.14781073110671616,0.14959140243167793,0.1374796671087678,0.11911328334582247,0.11640739977519604,0.21629967606350126,0.237783212088139,-0.011364386812357841,-0.16732338560809146,0.0900204920964906,0.09532140585133812
ag_004,0.1773368634684753,0.5087590535434038,0.14367161972308354,0.054517591732443894,0.04899921227516704,0.0740932905986408,0.16516016917520443,0.3196509337833632,0.5908400486418465,1.0,0.7149747445591433,0.3513880625882627,0.244715172724469,0.2654706172973029,0.14838381687806868,0.5052957824342476,0.17529850276318704,0.059777832784836026,0.04680457028160895,0.6370068561103068,0.6357795355846835,0.511373078008829,0.5144608948515115,0.5319821166401046,0.4934060569915623,0.21476754660076702,0.026551742060972106,0.0728872598476766,0.0338543629412186,0.24446148547986568,0.2880669247081832,0.10380908251755565,0.13085906365277408,0.13235266218071795,0.14239834408092666,0.1757492460286274,0.21370314034551224,0.2555074700970266,0.5244379626028383,0.5599900609423457,0.12007327135789495,0.5415711321579134,0.4990773181333666,0.49996793103831183,0.4046966339711207,0.3768800397967707,0.5796620156314491,0.3766923058462344,0.3927289795424057,0.239335246354644,0.09331323951869648,0.5607137781809871,0.5798557324510694,0.5844951234193393,0.5724296383335497,0.5571552958222219,0.534978244805791,0.5149811941317065,0.48530623691821223,0.5297147118883664,0.3961667784479756,0.5252543216982636,0.3945405512659074,0.38968813157241067,0.4373108328455459,0.28141808317197053,0.5055290480348567,0.506478921710448,0.5180077167064726,0.5307782677623147,0.37758321733655476,0.5100520064686154,0.5247742094375372,0.5247742575147277,0.5727485542589403,0.5592747587392108,0.3007681303475949,0.36963946648784535,0.36715283918885433,0.5627607450474476,,0.24197543112998643,0.5128698038015913,0.1330402312651641,0.5195374189037064,0.31693827035362243,0.28978979180200315,0.2461570192435309,0.4728590589824845,0.8292977189206042,0.8162770446695765,0.5688576073593238,0.39832764983873886,0.3718722594867767,0.42886013010057855,0.40864845719259507,0.33182422078126955,0.25902320764197506,0.5247742362603289,0.5713008922125784,0.5998403750183203,0.570863577919694,0.5369594100918078,0.5613241155899357,0.5525125901539337,0.46939095181255,0.45160942907760754,0.12589759698448474,0.06135747506746824,0.5300976055512088,0.5057795786582513,0.0702201856769563,0.07345913389265364,0.12168071476494334,0.10910066505443988,0.022345690855478172,0.0187765437180909,0.012940228784604766,0.005162923543210864,0.5245732129251833,0.3764993629250467,0.36839799514369787,0.15337350232625613,0.1500009027768276,0.44588372678858096,0.43417945846167244,0.31690160223800723,0.33082458748953236,0.15103302211719563,0.14022238634264098,0.07095543485206143,0.09836181415215448,0.3382267824626577,0.5263786954685451,0.5777394188812219,0.5886394132891445,0.5472467295219793,0.5496499970507271,0.5361055547888559,0.5146882588159274,0.49651402120516874,0.5760779029725694,0.5752747667937125,0.3805776996558261,0.17573621620768828,0.050864456919634475,0.058794527361265295
ag_005,0.1818172836152685,0.8304522403131898,0.30959916874099525,-0.046045852759890475,-0.05191910166972919,0.06603656033684387,0.126684488146626,0.18118374440902912,0.25000863129181633,0.7149747445591433,1.0,0.7836583599886195,0.6583915083067069,0.6291733856578642,0.3792276661460899,0.8322082578521165,0.25879590738482583,0.0010274250298300425,0.046946344201863666,0.2109804293016636,0.2072458357644451,0.8318451638138299,0.8278607379544024,0.8082153022848053,0.8182259154352681,0.04866793353788922,0.025875884357875984,0.18461853844088935,0.0316456997494941,0.4136500284861032,0.39681215768765776,0.066575208363803,0.09397530897509092,0.09590883210451422,0.10732209195442481,0.17123265176198987,0.5519669183610836,0.6866575728157078,0.7792705160016923,0.6843587712318616,0.06875402255227533,0.746005849517146,0.7515375135003897,0.7499389949869661,0.6975362585089278,0.7297381689562993,0.875361249382674,0.3447642995761699,0.22919234150373893,0.12315686588293294,0.12021941197537801,0.87380443193948,0.8873310396596746,0.8814259792503162,0.8761726983943205,0.8668311634901381,0.8508263652919456,0.8202703631696365,0.6420440453342983,0.42652659052799285,0.1535203349836321,0.8324435268347969,0.4682936741026761,0.6299839033938236,0.6858678911594037,0.5699650674637564,0.8322974268217533,0.8252731294696765,0.795596647646379,0.810710667134948,0.5276945815752458,0.8334155909618662,0.8323190139150349,0.8323190667719049,0.885799060054004,0.8753457967082888,0.6252657209651712,0.6146508740434834,0.5972795470124008,0.8832255428307074,,0.44410087042401497,0.8394603224636945,-0.02885719987832595,0.8035415416106767,0.13173396957375452,0.06430596669158814,0.12363792149142627,0.1487320457552389,0.38338162104483503,0.9145057947492494,0.9310408326034831,0.7813920456039474,0.728189983822537,0.7779854496800542,0.7732736589352736,0.671457869007504,0.33392090693691956,0.8323190634680752,0.8156474294314188,0.8815807506539621,0.8352071373295511,0.8495393544409868,0.8481291033046227,0.870338730700273,0.7934152845760356,0.7347801527237076,0.28191781075192845,0.07798489616737403,0.8070446103890949,0.621345910187426,-0.05166428304532438,-0.07672943136060012,0.037329463736189304,-0.014076405911855744,-0.002345521354986838,-0.019636823184138143,-0.009778634754025227,-0.018411870818325512,0.81851967662635,0.7544753889258359,0.750793335257775,-0.10890770445452971,-0.115037474258583,0.7726646737983339,0.765244439911488,0.5959159245589725,0.6226625018559802,0.014829639506698378,-0.03166017158870079,0.04594150385307881,0.04524395173412001,0.6061119425894068,0.800127626581882,0.8595091070523571,0.8623952482522813,0.8660978278489108,0.8722966761337586,0.8634750049870183,0.8478547316705148,0.8280557197700099,0.8263792654540588,0.7793810214502209,0.7111524964622377,0.49077403521691676,0.009219691856281017,-0.002069963972021781
ag_006,0.14388726592120937,0.8555926729234158,0.3291029322809018,-0.1352976396810209,-0.13979029088503334,0.056705274536602096,0.08486736737245995,0.06537322897380016,-0.04085667999978833,0.3513880625882627,0.7836583599886195,1.0,0.9254265931974199,0.8409344562877727,0.5417254121606079,0.8755439399786092,0.29670183255279364,-0.048170926840685954,0.042376511401234766,-0.14273985808014653,-0.1469340268384718,0.8702523251045723,0.860731993787131,0.8144538808959036,0.8588041908254919,-0.06449047687176865,0.022763177707777263,0.2808929097130743,0.02129353699881085,0.4483834808403383,0.36105589698827245,0.028990374537724902,0.039402305534310976,0.04053333884431865,0.05143185982893653,0.12180530626967374,0.6459287992358818,0.8252870090845045,0.8293526179241347,0.5881183669989342,0.024417319364918845,0.7545975210573405,0.7948226437994077,0.7957200021348126,0.7954906136523395,0.8696880353714127,0.8449605407572124,0.2065059752217315,0.10736880498598068,0.05455893478583766,0.1284788884730279,0.9252587845878065,0.9043865669668639,0.9000288124994528,0.9072641029543372,0.9105893709683617,0.9029787051492452,0.8662739270991756,0.6077832618475706,0.19130884480804455,-0.09625333170642056,0.8623360174895143,0.36428813048551406,0.5908373005175801,0.6473859089662056,0.6543268040808485,0.8754491659776236,0.8628638060188453,0.7960935969446248,0.8259897442908772,0.49880314530586095,0.8590611483096924,0.862392586423857,0.8623925913157199,0.9190544391812483,0.9207384359627064,0.6950912671469505,0.6086981607781577,0.5931891201412126,0.922183121382273,,0.4804292122705692,0.8757572649051523,-0.13334311240082544,0.8315762853149932,-0.06267753879456062,-0.14709436866640632,0.03717856894218999,-0.08217342280116903,-0.023391336664911572,0.5749904054983697,0.9065265158676643,0.9694305932215888,0.8972924448450649,0.8910360970974325,0.8943282777071248,0.7978575231665669,0.29701962109785923,0.8623925979519976,0.8342066164676732,0.891575368496018,0.8211292591786467,0.8994234503482298,0.8869610770684521,0.923539107431139,0.8375795811748041,0.7421043806247396,0.30897459239471253,0.07070689867292346,0.8023562348645016,0.554077582199413,-0.10218751516616051,-0.1333373172142876,-0.04518728126747984,-0.10135259731020971,-0.02845694896348886,-0.047825966113709935,-0.014815030897181738,-0.022544353756177776,0.8476961669206333,0.8355506311363302,0.8334036726966246,-0.32583400900654047,-0.3310327238755161,0.8175868140602379,0.8203048587138887,0.6461602027916691,0.6746688335049936,-0.14848602169800565,-0.19969186611167045,-0.004543569954054976,-0.03742965162061316,0.6464405062316387,0.8321873157556272,0.860132250953797,0.8871030025125219,0.9260529265455762,0.9239765047613769,0.9167644476603664,0.908167178990542,0.8782055630779163,0.7973763586246293,0.7279022598656157,0.7924556634491099,0.6380750759839362,-0.02643251834593568,-0.05089134415195438
ag_007,0.11816176555434282,0.791018755056976,0.3351130209582001,-0.1450426657647155,-0.14998357294155468,0.05129606067006499,0.055653475820831834,0.011084042245822667,-0.11705821617524188,0.244715172724469,0.6583915083067069,0.9254265931974199,1.0,0.9190515167262472,0.6418256024689816,0.8129844096152204,0.29193705054070485,-0.061478977056250064,0.03864191862383422,-0.20654554778502424,-0.2107281518303843,0.8084722853216035,0.800515416843909,0.7610577690777324,0.8095063863500646,-0.0870496353262332,0.019214795050053936,0.34533492852922865,0.025510031391089604,0.4628473630432088,0.35814869532383237,0.012460851745495966,0.02115054778384491,0.02207391873226225,0.03192868199929535,0.09615033703441371,0.6342703692137479,0.8045370773968744,0.8119106064297817,0.5071875328564639,-0.0024209614432284675,0.6860928643382713,0.7604975321120332,0.7581331071843421,0.7847805591776108,0.8438031124118546,0.7724724029018791,0.16224676127401044,0.06950131482188947,0.03905234827719895,0.12935087604586587,0.8564486536009571,0.8266808231657566,0.8192378643683013,0.8295388824113287,0.8361577307493083,0.8330567031356382,0.817032504211042,0.5912560916690297,0.1367107961797553,-0.16183622678651238,0.7998590163891927,0.3554822293970152,0.5605599575571499,0.6124418081202124,0.6594560838004438,0.8127597748756525,0.8051760898648214,0.7397500702191441,0.7791335533556532,0.4853335371724748,0.7940489241624227,0.8001802666123796,0.8001802289450604,0.8449976715989306,0.8523486476312472,0.6752210927633568,0.6004799752790042,0.5858111527108081,0.8500528290853917,,0.46916657115677796,0.8080778716130517,-0.13889533779641455,0.796540382744102,-0.11180688709055811,-0.19411339206492645,-0.003274919611407044,-0.14602687266243694,-0.12021864775697157,0.4440067387600688,0.7914219901462808,0.9317965281259779,0.92509805227958,0.8870433594082012,0.8797085907755242,0.8128371296977223,0.2956199313841384,0.8001802384345411,0.7548178765625165,0.8161817180160506,0.7698909335713988,0.8466936606970135,0.8303647377696253,0.8495673418781495,0.7862471424754286,0.6993349529381098,0.314747425031725,0.07844152390808697,0.754091719892627,0.5153600702582418,-0.12540127834978404,-0.16016223075652616,-0.043850395497333244,-0.1022450269538838,-0.022986323759567183,-0.04354050443831395,-0.0064821780084314004,-0.0138646743715207,0.7937970639707242,0.7937503098558505,0.7939149502120949,-0.36178798561026404,-0.3662740193997778,0.763468421088782,0.7724458694203754,0.6265410387602222,0.6543042174946987,-0.16315769306392475,-0.21555882846758084,-0.015774222901438345,-0.05123347843574658,0.6043921315826967,0.7652673384601237,0.7831622152118671,0.833898824933449,0.8622243255899595,0.8505286106532152,0.8434465112297191,0.8367697868871453,0.80920258591933,0.7317511331057154,0.6734385465014168,0.7840510784377694,0.6683655112250423,-0.03016042685855198,-0.057406904846067745
