,class,aa_000,ac_000,ae_000,af_000,ag_000,ag_001,ag_002,ag_003,ag_004,ag_005,ag_006,ag_007,ag_008,ag_009,ah_000,ai_000,aj_000,ak_000,al_000,am_0,an_000,ao_000,ap_000,aq_000,ar_000,as_000,at_000,au_000,av_000,ax_000,ay_000,ay_001,ay_002,ay_003,ay_004,ay_005,ay_006,ay_007,ay_008,ay_009,az_000,az_001,az_002,az_003,az_004,az_005,az_006,az_007,az_008,az_009,ba_000,ba_001,ba_002,ba_003,ba_004,ba_005,ba_006,ba_007,ba_008,ba_009,bb_000,bc_000,bd_000,be_000,bf_000,bg_000,bh_000,bi_000,bj_000,bs_000,bt_000,bu_000,bv_000,bx_000,by_000,bz_000,ca_000,cb_000,cc_000,cd_000,ce_000,ci_000,cj_000,ck_000,cl_000,cm_000,cn_000,cn_001,cn_002,cn_003,cn_004,cn_005,cn_006,cn_007,cn_008,cn_009,cp_000,cq_000,cs_000,cs_001,cs_002,cs_003,cs_004,cs_005,cs_006,cs_007,cs_008,cs_009,dd_000,de_000,df_000,dg_000,dh_000,di_000,dj_000,dk_000,dl_000,dm_000,dn_000,do_000,dp_000,dq_000,dr_000,ds_000,dt_000,du_000,dv_000,dx_000,dy_000,dz_000,ea_000,eb_000,ec_00,ed_000,ee_000,ee_001,ee_002,ee_003,ee_004,ee_005,ee_006,ee_007,ee_008,ee_009,ef_000,eg_000
class,1.0,0.21676721098745025,0.02340030948134415,-0.011505929372334639,-0.01204325608155001,0.22674452072568324,0.4441859029502473,0.3048465832409451,0.21690906769760698,0.1864628260060149,0.1915524439688269,0.15379563127507492,0.12516544557555043,0.125433297547428,0.06613902548541314,0.20884392476960079,0.2955170930769651,0.08786261234471521,0.07366425311616577,0.20603031904687943,0.2066041512390394,0.20834197503341212,0.2077731814897462,0.21062186987465015,0.20970045110324817,0.1800256276539196,0.058115012091487304,0.09644609689407208,0.10498040642838632,0.06875190510376596,0.05667922471586281,0.109040908721608,0.07361536472395323,0.07403775524273418,0.08154627287403136,0.11583213209363945,0.01937743802798374,0.023659201017702865,0.16791146845709778,0.16950176297803096,0.2778628254108809,0.19029609545487647,0.18929942804715474,0.18917975469859305,0.14216508851352674,0.14027125542500568,0.18695839692182376,0.04648019525283839,0.11898282060168452,0.12402868510821315,0.11904422848816049,0.19079746759482674,0.1902063802860476,0.1911337204529183,0.19066116351034165,0.18838195494024187,0.18292678071989515,0.17397896857447626,0.16424772118440858,0.16432407397852306,0.16795595579558154,0.20995512688440593,0.14012749261296725,0.1370654036683525,0.14241978943459396,0.0882531139125768,0.2087133838328761,0.20908678852643603,0.20596951955439452,0.2120860425915512,0.12822316436895734,0.21702744071261082,0.20986432167382832,0.20986432634438346,0.19939116008823635,0.18973280853605246,0.10125011548133103,0.0554802071022874,0.07356170465795593,0.19977150659109325,,0.00423162811089066,0.21864129016207465,0.06829316272602463,0.2181263936629731,0.1460535337458535,0.09307368873041133,0.3323030595224483,0.21506628336967692,0.19125722218259286,0.19106496762190867,0.1878512415801935,0.16590452847516446,0.14444724333708975,0.15949461854778652,0.1491178200325839,0.11565858823961633,0.018906721116681468,0.2098643216738372,0.17365266078588387,0.18299757740290046,0.1942154358240089,0.19109427232593515,0.19477020436599868,0.18458669326364824,0.09878866814194863,0.04852684301288584,-0.07275687130261387,0.0026681327747628443,0.16084263302706736,0.137447546019369,0.07463909175826398,0.06320963095650729,0.045033259449305515,0.03992756603920597,-0.0007317232968555038,0.004510110547263083,-0.0038048676651393745,-0.004374837889048105,0.21000002307699617,0.13274312924281717,0.12971345267529222,0.03896830507346019,0.038493409477900684,0.15310428580919794,0.15211156251698826,0.09274901061159364,0.09760897970847293,0.038607953775060384,0.036216426185181276,0.019097650855700723,0.005415416041960378,0.11628361178719444,0.12181327414230209,0.1335044473446087,0.1938879752202707,0.18670916629810416,0.18496649985086192,0.1793789032464358,0.17640871661408347,0.17423780746808432,0.1661905992973234,0.14747505132565536,0.09184095519686983,0.016726942822001784,0.019555734412512384,0.012429443470005682
aa_000,0.21676721098745025,1.0,0.36663241531522694,-0.07137748510927779,-0.07767190443346915,0.07183191154516774,0.13582267059747222,0.1760643074994828,0.1595834614343044,0.5086547787377617,0.8301287519715822,0.8554883806985286,0.7899208155710551,0.7391331338452289,0.4725323255961931,0.9610652195117635,0.29679529487267603,-0.03146324598403136,0.05451933670106937,0.14461008203252995,0.13959020352252502,0.9613197872574719,0.9603835630382846,0.9014832836053267,0.925902173425529,0.06714441426105387,0.028633269177236714,0.22000001803365574,0.03504482301491594,0.48584385149452075,0.45254918172510944,0.0198724994580893,0.03864041464060945,0.0399510455850471,0.051692825778922834,0.12858976761536492,0.5802140224423621,0.7286409722507791,0.8361635334787598,0.6428982384993683,0.06187000810032638,0.7187841426867443,0.7557444610440059,0.7573514084243319,0.7208802757349657,0.7806798048895626,0.8453917295498363,0.21688019539591144,0.16973703535774115,0.09708128987707812,0.1204671749989274,0.8837759297836897,0.9132849203951336,0.9162787784493827,0.916583208297305,0.9055480391777013,0.8799956232810203,0.8347948010342167,0.6087063668190706,0.28644889044984545,0.028292833040214172,0.956130522490778,0.49296492352341265,0.6749349780472843,0.7373261689306704,0.6323235864993154,0.9610717560840374,0.9390180828517679,0.887036607234295,0.9068517387084549,0.5517004321596101,0.9999904142113151,0.9561188740678569,0.9561187310998153,0.9135824350957348,0.9154526517415242,0.659003065364701,0.6628493576933132,0.6429748117215963,0.9228862244194475,,0.5345779917902849,0.9789300145680441,-0.112021386418717,0.9067402244172916,0.046901259772745424,-0.05180650007501915,0.12446076687592679,0.09365274935172778,0.1878744185532735,0.6897369126071757,0.887733395784952,0.8629632208212483,0.8042604487090317,0.8302454028727724,0.8305583494314391,0.7337712870176857,0.35148325066815617,0.9561188464627898,0.7985897746941539,0.8704918779915459,0.813326761852798,0.8561597670229255,0.8512126869741169,0.9080982628148689,0.7956002362736428,0.700096436711086,0.24815662017391357,0.06881464738968653,0.865304308512419,0.640290885544108,-0.0813886659687989,-0.1136576255362984,-0.0404705495618598,-0.10031085800279105,-0.022794978080808014,-0.03918797682146086,-0.03418536037851509,-0.04203009360032994,0.9279434587380987,0.8691832485705646,0.8695839461786352,-0.1650711300917811,-0.17189480641152724,0.8727054432717877,0.8709694329168298,0.6552173115307774,0.6831815302009605,-0.015991762793305487,-0.09059799730037853,0.03718537387550812,0.030746647520379675,0.7182586911480671,0.7846431779064266,0.8316659135886949,0.8536138619399073,0.876731248154081,0.894712288296085,0.8956106373840863,0.8885505561152127,0.879988834806069,0.8544446837449011,0.7958382890696004,0.7728733948580783,0.5736483470223767,0.013972423385720736,-0.007067901569751348
ac_000,0.02340030948134415,0.36663241531522694,1.0,-0.0010397641973786836,0.0021873937989702152,0.03019252087414006,0.04979039293933213,0.03303467082917553,-0.0031751370103871523,0.14318337945308748,0.3106032391741541,0.33116243244475607,0.3348849886953006,0.37424719193565087,0.3507441838192046,0.3497655603476022,0.11226268182330984,-0.2362174596611706,-0.0032791341873046175,-0.030546909870572826,-0.032842293589006456,0.36137498893835707,0.3500245993344461,0.3562415806625639,0.40621690284030826,0.030282390412461967,-0.0018481369611930932,0.20548864264924016,0.006317900842246234,0.7582749222670045,0.7379228414913691,-0.008229410828121259,-0.0059270558640349,-0.0071295727353376855,-0.004718215807990325,0.021741096069672082,0.23478147676406871,0.28843625729536676,0.3199960998523164,0.23549088825574532,0.017287913515942784,0.16027973350447683,0.24744401988109652,0.25484081436241796,0.31166034530974834,0.27232583757300816,0.3317912805941795,0.15131476712687517,-0.1008288202232369,-0.07537883919149076,-0.005451279962444691,0.32917379970127947,0.3923559527970114,0.3648869003559714,0.36079604028513623,0.34760212655459416,0.31164200760679317,0.3092086896308106,0.24994116892586782,0.05556766577198117,-0.07934845342619447,0.3632656914793039,0.2759401693625199,0.32826808459207674,0.35198428226811673,0.17753979417868146,0.349581579103388,0.3674976607280765,0.33882360619085744,0.37222145979165827,0.2505865729490034,0.36813716867293855,0.3632110627033399,0.36321052568550083,0.36681819740036553,0.3712091969914495,0.088416320748713,0.295162888707548,0.27827862744694865,0.3789212208585498,,0.7148896932933975,0.37175889494582925,0.005103000085126567,0.3702710928830409,0.061146252089074364,0.09863757495472708,0.020596877670213516,-0.032451105705959334,-0.006749460222924499,0.22474014068802978,0.3115555153117865,0.35000177605345134,0.3766489310966968,0.3702084140324101,0.3554576251167801,0.3484651301927136,0.5130906826451339,0.3632108593975814,0.29403002143622,0.3470129925047793,0.30866088545821535,0.36486985049485937,0.3012801952823924,0.3483068259117334,0.35941913353461347,0.358522779727042,0.3275598202061077,0.12966092489650113,0.40710578468394,0.4054852080722287,-0.019956548821922476,-0.03410246725742211,0.047218019639664016,0.02198399639681892,-0.005869791583728649,-0.011513254783384106,-0.02626589578863407,-0.03234172869168447,0.3794932345923348,0.37630607028051233,0.438069137262958,0.012383946901984065,0.006520786382225918,0.3917661381638359,0.4224610561843168,0.4126112556509292,0.39611225940615874,0.18283361626166314,0.1081152660180122,0.05802297603059855,0.07644971211253482,0.24343091414849627,0.3042039745271627,0.40500431315676255,0.3594380190477288,0.359592829208878,0.35660161401008794,0.3473489149827022,0.33504103535894947,0.32068772091392356,0.3198086131072693,0.29991937651457656,0.29727286237272293,0.22120329770582567,0.040241109224211515,0.03828244786060683
ae_000,-0.011505929372334639,-0.07137748510927779,-0.0010397641973786836,1.0,0.971069301166823,-0.006469011606727466,-0.00432861085277161,0.03676698181873159,0.11855082793046393,0.05507346423369151,-0.04556639306142036,-0.13658129378774034,-0.14680590408996952,-0.1151509222310492,-0.07716213082095996,-0.08749479200420598,-0.03943017255914137,0.11878076323992293,-0.008846054039674346,0.13520400638203453,0.13661700015071981,-0.07634898825331059,-0.07146016445549536,-0.04422202803230743,-0.09275932901677074,0.06106684919439498,0.003326017702333822,-0.05038704576380649,-0.002770326546903316,-0.026625343456110378,0.052369243874653186,-0.0144558897141222,-0.024026746447364255,-0.024345081506351767,-0.023720193972992774,-0.01241567380484393,-0.14707019453281675,-0.15765313301379,-0.056010027767584646,-0.0001629051253154996,-0.004588545123872649,-0.04141236219318614,-0.048425554454316684,-0.04932598570001267,-0.09070260821875535,-0.14293932082106317,-0.07649658414633011,0.05593883957368538,0.05896704232542745,0.04118557549908325,-0.021252046602025232,-0.07593114860665955,-0.0831014961008857,-0.07679462726813482,-0.08230746258895945,-0.08726117678398304,-0.09540371524120987,-0.09145332475883136,-0.026034455016716078,0.11357103660142073,0.19881909152121038,-0.06700289693479232,0.038205258741078205,0.005205804706670503,-0.020315365676987034,-0.08583463191947964,-0.0876632224491071,-0.08461413562373034,-0.03146078793874461,-0.06842539853842199,-0.02840382389945185,-0.07150756439115914,-0.06715696962734143,-0.06715705673889161,-0.07666989979555613,-0.09228557094745463,-0.1366531233527812,-0.06986820605956742,-0.06777342929443109,-0.08767618375723091,,0.0008338237525594156,-0.07773352547059685,0.03815815438888885,-0.06961860838418084,0.1588714585772288,0.16056289239030952,0.023006511891444967,0.11538441867651579,0.1277836983244275,-0.004758272578018553,-0.09131577760006955,-0.116523630077568,-0.09680640460726102,-0.08000192159550937,-0.08456799785703678,-0.08039526645336502,0.03863640892974395,-0.06715699161225643,-0.044654427084673674,-0.06657326819895246,-0.04350235950266402,-0.08983492514150934,-0.07336619893852053,-0.08115438189467841,-0.11775443765000826,-0.09854121380497174,-0.041608308583897906,-0.0037783898916740524,-0.04930371472728897,0.03294911208042187,-0.015608910908938681,-0.021087177049956295,0.051435696419357774,0.04942009323247123,0.03638600160161659,0.046661297862705314,-0.010914066303384436,-0.011836621954566761,-0.07656796297021748,-0.1195747448051746,-0.11637137144763067,0.3271982690704352,0.3299556498215786,-0.07030870924616209,-0.07197600405501209,-0.05867310317489733,-0.06281107520556409,0.22160603637319595,0.2342454049910843,0.20308109604625002,0.308918986468908,-0.10248742533695761,-0.07858631876728059,-0.06180383991245501,-0.07514804277909297,-0.09806127282336852,-0.10342173908561864,-0.09745904736785252,-0.09940508021874138,-0.09333611566683282,-0.023890686051194685,-0.03257994568429849,-0.12392409260600022,-0.1338202841288452,0.18035438551122646,0.20244346464055119
af_000,-0.01204325608155001,-0.07767190443346915,0.0021873937989702152,0.971069301166823,1.0,-0.00670355613353158,-0.006384274873443699,0.034144400428398745,0.11496561998591194,0.05045706670493544,-0.05154072396739522,-0.1415015577955785,-0.1519422334462212,-0.11945585818896767,-0.08007815280195218,-0.09396374201622043,-0.04081972144773486,0.11568046806572573,-0.009244036545565224,0.13398475927867776,0.1354437074947526,-0.08246672090919056,-0.07769288233021579,-0.04945331186110889,-0.09843883019422356,0.06032376596524022,0.0031509986227423663,-0.05171726043933624,-0.002931369396829344,-0.02980333618715375,0.050273302705478556,-0.014842197396404482,-0.024541821873810682,-0.024865553194042208,-0.02426751499772561,-0.013319426139462362,-0.15046272982450998,-0.1626829847712843,-0.06208486859651671,-0.004622786300449611,-0.005109867260683265,-0.04866228954962499,-0.054338291888311664,-0.054627283968685866,-0.09314290440608342,-0.1484154272682703,-0.08312738875352052,0.05872919314441163,0.056964473569462,0.03959930973528261,-0.022046367904430993,-0.08205036255792592,-0.0893429335481094,-0.08303687076684624,-0.0885889849536776,-0.09280240725455031,-0.10009374722401028,-0.09547787710891126,-0.029732523116380798,0.11310490926109325,0.20245618573050525,-0.07298999711933767,0.03355663277024163,-9.376723122878911e-05,-0.026821624924659462,-0.09091641034495605,-0.0941297933634637,-0.09058748409391651,-0.036216024657109325,-0.07451698236978095,-0.03276125399406679,-0.07795256265566909,-0.0731399922763222,-0.07314006735214369,-0.08233589368419456,-0.09766251343561402,-0.14039026811290053,-0.07545203298267564,-0.07369853735572697,-0.09347962911003038,,-0.00272666720702861,-0.08372457732971231,0.03879478464861944,-0.0754790385579226,0.15815569487428213,0.16049245059746758,0.02067786139113989,0.11236581204693119,0.12612115842771374,-0.010620082493931846,-0.09720400105021475,-0.12204065339136064,-0.10241504072262823,-0.08593813037807158,-0.09013216143293373,-0.08473353172030536,0.03353334222020783,-0.07314001385833828,-0.04988610509317226,-0.07259180345538294,-0.0498494789329997,-0.0958297183018817,-0.07917818649689909,-0.0871680496883649,-0.1235428592115127,-0.1037806939222473,-0.044485407145683734,-0.003917884341731769,-0.055482588073614114,0.028294351251082407,-0.016306286605294092,-0.019724139679942816,0.05220619124240446,0.05021720836579741,0.036686128828986815,0.04546728909955256,-0.011158576951390931,-0.012095607573877492,-0.08212759771586946,-0.1253441963270598,-0.12227286709347618,0.33042145811321505,0.33299545775860007,-0.07602020108210772,-0.07770573775195633,-0.061447910051330955,-0.06592145829681109,0.2242614479152326,0.236410759044358,0.2005405214776243,0.30657985540288984,-0.10774903957107654,-0.08743273306521707,-0.06731703254989559,-0.08120297252138199,-0.10383938000551285,-0.10931753590540298,-0.10320141047923528,-0.10496040039491535,-0.09889120854760998,-0.029681969066624587,-0.03829472082490825,-0.1293179961000746,-0.13731442423451792,0.18157048567799433,0.20353783611102694
ag_000,0.22674452072568324,0.07183191154516774,0.03019252087414006,-0.006469011606727466,-0.00670355613353158,1.0,0.4758873556539503,0.23556277905891035,0.11777458705299892,0.07653523950247292,0.0675412827192994,0.055363189418531744,0.047109382892281323,0.05208961033539065,0.03907880653480287,0.06806405895812707,0.10090797151357568,0.021873726020960937,0.021861427727566676,0.051760004828064844,0.05295335152430968,0.06662128319417804,0.06783055047094734,0.06853827373294485,0.06971590369760737,0.05799831967423647,-0.0011481438380086472,0.030902517149822444,0.012327003456959576,0.043448948743973925,0.03848850141687441,0.010549824696315848,-0.0030700463028069803,-0.003224108437230246,-0.0020476491213710026,0.0019952301337910223,0.0009769273790285384,0.020461632269347746,0.06609016846882051,0.06027223291292596,0.17543868403669616,0.07157253072539273,0.07036390657969567,0.06992080086038567,0.05694081012772261,0.05819531065675404,0.07235840229473417,0.01328216259867688,0.03948359347980454,0.0323677834020251,0.04593537260544814,0.07106882240963712,0.07395415993992546,0.07305751359490235,0.07409632084433929,0.07445469870134803,0.07331231155732999,0.07241389287045578,0.06917630893122029,0.07318050632890696,0.0757884678151523,0.06933238270148542,0.03221321672321728,0.04031176933006948,0.04346106143295991,0.030319423157507713,0.0672707081264225,0.06752263243550392,0.06662234753091899,0.07008307073104324,0.03832964982351448,0.07162140957248962,0.06886687835225196,0.06886687835225695,0.07573459166463134,0.07499042655144937,0.04068761563627863,0.02507057346299268,0.024081127871375903,0.07536799149439476,,0.015505556365643037,0.07231161556638234,0.02662778330884586,0.0745966912740733,0.05658432760451898,0.044201871197903045,0.18326662851010767,0.08675726933268398,0.057744967975968835,0.06551290495184992,0.06716755924078262,0.06468028184254639,0.058553137807211754,0.06266558952952692,0.057115106651595256,0.048934859543387034,0.018260725695865305,0.06886687835225495,0.06738827001740831,0.06929223992260694,0.07284902571491668,0.07571102044032017,0.07295480216695721,0.07223050002588297,0.038253105814903696,0.01427976988775628,-0.015256148659556504,0.006621393467006185,0.05426317591607606,0.04740869889736597,0.01666786372920011,0.013357993395869792,0.01350786754527338,0.014977951918711933,-0.002665630885949191,0.0007918857580666855,-0.0029047826093789413,-0.0031069286879742103,0.06964400563818245,0.04767908669430739,0.0496950836478918,0.01079576019845644,0.010614216909018759,0.04988053976011525,0.05148305620606024,0.04549892257307845,0.046095456643327745,0.014088735434557196,0.013290907170606851,0.00033941472622388557,-0.003309944817925058,0.034473717987044995,0.04593452295903659,0.05066669179680608,0.07521325529460746,0.0717581425183576,0.06996299303730238,0.06618275833338085,0.06433011902254654,0.0634237436759443,0.059997194259074856,0.05334434167081407,0.03839137967337251,0.009123114820066669,0.0008572415063960585,-0.0014869920350730663
ag_001,0.4441859029502473,0.13582267059747222,0.04979039293933213,-0.00432861085277161,-0.006384274873443699,0.4758873556539503,1.0,0.4988226018442094,0.2616268691765819,0.16908867145480705,0.1300013068174044,0.0863106976204523,0.05494278270194831,0.06652062249731207,0.04106026542305177,0.1256161167388179,0.16055272455688394,0.04049562546447882,0.033386444489600646,0.18557877477793452,0.18531083229628087,0.12537910423154733,0.12950327005769938,0.13252757993982026,0.126157096320567,0.2404735865608233,0.04616617615715891,0.036868906238163655,0.09176494497482947,0.10880972380695816,0.10288966042772572,0.006617772528004426,-0.008245723833066175,-0.00851542956001194,-0.0027832077376844185,0.019301017714707942,-0.042568007510757004,-0.019262369002762604,0.12938317010110054,0.14160047521412822,0.3323270864393814,0.1464940153762144,0.1392910220165688,0.13770871945165936,0.0956124969494405,0.08942488976238817,0.1367837275964872,0.014302988721305929,0.08804811080814895,0.06595272333914125,0.038117868616282094,0.13432688352739602,0.139590015459393,0.14059327810118036,0.13957025967748574,0.13714591348903743,0.13111092111462094,0.1222972083742677,0.12547127256035412,0.156857207702658,0.18128050002072435,0.13045263931775264,0.10141235047469141,0.08701481415430526,0.09650687370511143,0.0381073274227702,0.12577245632266126,0.12736845740343042,0.1259426818299694,0.1362788084103784,0.08379608011829648,0.13561880038947355,0.12995322097536,0.12995320437633165,0.13601614650815505,0.13631531999207958,0.04249299985811715,0.03774404059204532,0.04856259114686414,0.1359113097727681,,0.044668992414822944,0.13500336566324228,0.08008392038856292,0.1415281303532931,0.17312716126988853,0.14532469937721618,0.552038955570776,0.2762144107044411,0.1773728231050862,0.14454709621643355,0.12192299987630657,0.10280551827980516,0.0836206668042927,0.0989364717518002,0.0834526290568196,0.05568793468089848,0.050231378476994396,0.12995322097536566,0.12890519310608384,0.1296426040252527,0.14062730100096954,0.13959743501085797,0.14119468238206526,0.13364321231679263,0.05426701043045353,0.014061831158171563,-0.04475764083246225,0.008572473219926897,0.10576613005760356,0.10652227792790805,0.06696095325776828,0.055929727648086236,0.045007641448287214,0.04298573518830481,0.00013396735172631978,0.008167629877413216,-0.005761379394145653,-0.006162318262364482,0.1323360355566357,0.07956144031266459,0.08016795799165387,0.07457624939540691,0.07409150666440832,0.0955948881432529,0.09537532920733359,0.04156298470559995,0.045866247812230324,0.059191327103236095,0.05049852966191177,0.011101574135635901,0.008879471396498806,0.07490481914717309,0.08887761691558452,0.09847828688741511,0.14403818858674972,0.13101679324786725,0.13091348409613157,0.1277852543495017,0.12687258158410838,0.1285138714332911,0.13191020858906377,0.12327163731380374,0.04923341782157847,-0.031226996037556187,0.023592611519451002,0.01788913977707373
ag_002,0.3048465832409451,0.1760643074994828,0.03303467082917553,0.03676698181873159,0.034144400428398745,0.23556277905891035,0.4988226018442094,1.0,0.5255217497410996,0.3210264317746305,0.1843403058376254,0.06775134195100614,0.011572906055263798,0.03907817721843263,0.02010602165160959,0.16092840802106756,0.13583600027808831,0.07859295615964368,0.041534004666807546,0.3990234096324059,0.3982219669398213,0.1627151678630851,0.17233479920188743,0.1820155277592919,0.15711425741459514,0.42138807088419333,0.054893079979478614,0.005972534362508769,0.06664044291704085,0.13904094760585048,0.1513515841329474,0.0655225653048175,0.03593498688244504,0.03548550585457659,0.05508038177345575,0.10304869499690636,-0.08200026588065361,-0.08106707008664371,0.17814028784051525,0.23583244966123926,0.30344900939773406,0.22560976027144028,0.19274286570508906,0.1902248382529124,0.08924132000422479,0.07687675571215948,0.18336973791738947,0.04421480909951017,0.21196096618582355,0.18431399459766873,0.03431730148444551,0.17799570611672155,0.18987140847474196,0.19896698870196305,0.19140389626097612,0.1806890553534709,0.16192147951905367,0.13881684820066628,0.16557046545951176,0.26770320100780315,0.3275595748959442,0.1735007747393713,0.16822183821049416,0.10852476210694652,0.12702321789947138,-0.0005592736796098265,0.16184769105034735,0.16557835251743996,0.16983710419585474,0.1898289349630378,0.11470879713405278,0.17592857188261693,0.17196727936829612,0.17196734240062356,0.1673605572223259,0.176136611016147,-0.00686007609855291,0.04223834307092951,0.0650299600622046,0.1651847226837822,,0.05267256217634797,0.17307808650229836,0.13603584193451282,0.19156974787958012,0.3080982341970246,0.2835355189868135,0.783073834692988,0.5972228308574805,0.37286445479462815,0.2436232944932489,0.15175408828407583,0.10190858206448888,0.07803298945894228,0.1062957844427564,0.07360445237848241,0.03095595217098891,0.09735924669402928,0.17196737976349571,0.18337349271971862,0.18342841948394142,0.19859465420802247,0.18140470432585856,0.19602888860637901,0.1758933379974096,0.07821412825793762,0.03964477537846073,-0.07456298948570954,0.022924776415771335,0.1312715605182197,0.1611436669597547,0.11474613811771443,0.12229230587744498,0.08281165712477845,0.08473277577224086,0.02085112249711666,0.022403315683760694,-0.010621821836941872,-0.01166081785040727,0.1772029955184233,0.04500024417784306,0.04556283744330794,0.20215584598969732,0.20209161698585676,0.09997815532618956,0.09717209046719055,-0.01642973488985199,-0.00944094082340822,0.1618626059018809,0.1550764327967554,0.03856342894843769,0.04536046096934404,0.07306126779019276,0.130550062583721,0.1384163399228065,0.2029640060781128,0.1676111552862824,0.1660876405401497,0.15979519294003403,0.1524910668608756,0.15205061410964196,0.19408084949819238,0.19812477595085792,0.03581477100020059,-0.10318067785131901,0.06488198524132813,0.05586549858702089
ag_003,0.21690906769760698,0.1595834614343044,-0.0031751370103871523,0.11855082793046393,0.11496561998591194,0.11777458705299892,0.2616268691765819,0.5255217497410996,1.0,0.5923615339166836,0.2530065782143709,-0.03852445534112079,-0.1169506071726788,-0.07814799782749358,-0.07231142871957821,0.14211463351731074,0.07584086912445714,0.09165047938159758,0.03921807284119019,0.752177474404693,0.7500670233278557,0.15114507165432592,0.16349343241793274,0.18401577555264614,0.1310238843658934,0.4236556820617038,0.03570849281130654,-0.051724682486373366,0.043431437465188065,0.08947095343607916,0.1545640938220575,0.11964931771472402,0.13165425567163735,0.13208753767319348,0.14498565830128507,0.15829964910348066,-0.12704455940562862,-0.17017640890297253,0.17574353052143402,0.3130152326508683,0.19913890438506895,0.23336373539924385,0.17223330142666596,0.17058896424839795,0.03732022403785429,-0.0018816106392024639,0.19609055122082536,0.1742671306434474,0.3988141866606489,0.29882789902731255,0.030342988572788557,0.17091799549008,0.19370515439278851,0.2070459079528802,0.18827654399070437,0.16450699352953804,0.13323370381145247,0.10452333230506357,0.18374384939125962,0.39008145551450046,0.4683885925069833,0.16757777430032791,0.23789191101091448,0.1231258294187423,0.1479001572056167,-0.06101399426269796,0.14299956601310274,0.14543923580893744,0.17217877367537474,0.18564529831159057,0.13356798212196566,0.15944581702522576,0.16614573332752042,0.16614639527022476,0.16822483159793122,0.16128025825880382,-0.06440257534673229,0.05559526666011361,0.07406228986571763,0.16056254905335807,,0.04340278668303839,0.15541667437011875,0.20931446698434197,0.18203046651793517,0.40099928307258326,0.3979883972361968,0.4139207812508639,0.8443514109447935,0.7169941453754296,0.3920877374272631,0.14122702103471269,0.019641713775384307,0.00301379444472935,0.05597789587350391,0.016476578263228105,-0.038303855499665494,0.12406113994536465,0.1661457646087094,0.19491341136885915,0.19633212515000087,0.2064489541589538,0.16158057663158926,0.18891614496934203,0.15983536767332546,0.06969695010473799,0.06260720683224863,-0.0631503661868101,0.03674160539370388,0.15176106707493986,0.22103436026582143,0.13204855496317247,0.15446026304941476,0.13542226604849783,0.15141818409344815,0.044059964947041654,0.04501166394244316,0.016526284786599392,0.013608340392009012,0.16581352700196375,-0.01624105294254189,-0.017828476587864447,0.33352868565121113,0.33315521822943656,0.07791192600182985,0.06724010640286246,-0.01383398040501979,-0.014022856667866967,0.2562199956744275,0.2619352080656105,0.08493464053799273,0.11358712888868637,0.05323645112815017,0.1476429184764493,0.1669656281366684,0.2095519291951034,0.14962849867123795,0.15150597472821348,0.1393649207270876,0.1214570717232165,0.11821090320036168,0.21836502648530873,0.24091299590991122,-0.0089907423063099,-0.16743811546570742,0.08755970311774712,0.09095220765025804
ag_004,0.1864628260060149,0.5086547787377617,0.14318337945308748,0.05507346423369151,0.05045706670493544,0.07653523950247292,0.16908867145480705,0.3210264317746305,0.5923615339166836,1.0,0.7157183253370565,0.3504855643403098,0.24247059210205188,0.26359541847116574,0.14641388505681197,0.504844312414231,0.1784931153759821,0.06116567318136583,0.04928617825497909,0.639567519227333,0.6383179678232539,0.5110919215069452,0.5142027370857177,0.5323685278654251,0.4934352799618398,0.21872458045087226,0.02908004555425836,0.07410102635770682,0.03648335590374796,0.24307315905027227,0.2876015653361518,0.10530833829453734,0.13057621931816463,0.1319583712503963,0.1413670009518788,0.1765750909624753,0.21162802087760993,0.2529761122930846,0.5244949324791236,0.5605986232176732,0.12153644203236488,0.5401939101234354,0.4976419451527232,0.4987702040534331,0.4057698978768823,0.37740331927419535,0.5784916523945772,0.3750079767547021,0.3904369777095067,0.2377691341336243,0.09345195156745802,0.5595572469422819,0.5798375047844936,0.5842709591194368,0.5723552272108766,0.5573260948289048,0.5350740246776545,0.5152933730304065,0.48661397138009416,0.5308247355191407,0.3977977104485663,0.5250346084870724,0.3952046205819894,0.3908850755149827,0.43731542169479476,0.27963505686872975,0.5051725840819365,0.5063314517817789,0.5184924046690104,0.5304988023033167,0.37839732289142103,0.5097831313472884,0.5244873030577395,0.5244877167959368,0.5721643967846254,0.5590271690327626,0.300542727508809,0.3706310831595971,0.3669554467579647,0.5617201177100247,,0.23852198402987104,0.512536995238006,0.1342772002113201,0.5191333397576021,0.31422409605381924,0.2868976338195568,0.24836027284748258,0.4756954182712918,0.8302376045256598,0.8164510966987648,0.569141984839616,0.3974216414878388,0.3710841278718354,0.42704318908608957,0.4071114181074676,0.3298957871595813,0.2590174662604773,0.524487347204615,0.571508444236173,0.5997521058738543,0.5699140915383161,0.5373362091373869,0.5606163963430039,0.5518529008153784,0.4693227741832391,0.4501528117937574,0.12361835332253689,0.05926209734256763,0.5295374849482178,0.5046886762525156,0.0698881619634983,0.0730953362333809,0.1204641253208083,0.10920304492521668,0.01903723844046358,0.020588084397666732,0.011059342056827277,0.003896556049413144,0.5241444081769145,0.3764003502325166,0.36739839355822757,0.15452452092654742,0.1510657431801052,0.44528511869592974,0.4331807816227554,0.3152436981706554,0.32889875219042086,0.15349525117297286,0.14255010987225286,0.07184239232149146,0.0982139287039984,0.3379185687979825,0.5255321946716375,0.5767565979286934,0.5878598265966213,0.5467634111684511,0.5490374684775717,0.5352926562249773,0.5141945624240858,0.49572406136694935,0.5760377157739021,0.5762780356574987,0.3804287430941341,0.17427526893763814,0.050846161840136656,0.05573849711086277
ag_005,0.1915524439688269,0.8301287519715822,0.3106032391741541,-0.04556639306142036,-0.05154072396739522,0.0675412827192994,0.1300013068174044,0.1843403058376254,0.2530065782143709,0.7157183253370565,1.0,0.7825415291320289,0.6561390707454323,0.6267211641934382,0.37772354042899775,0.831376752018347,0.2615965038315028,0.002341760697405296,0.048496024035496646,0.21591331201376235,0.21199546896356186,0.8312655456919534,0.8272796631924294,0.8077111639259532,0.8176557957428694,0.05295674681148117,0.027519692593411096,0.1857999985033859,0.03467021590637905,0.41271876320477613,0.39734183631562137,0.06956655981622388,0.09359715207441155,0.09536400220940394,0.10601508404096237,0.17111265611532342,0.5494621490413306,0.6844761924687267,0.7786680687401589,0.6852182437001038,0.06851343451906879,0.7437984560783759,0.7492447055371074,0.7480443636291337,0.6970626922179104,0.7290529243124774,0.8745870568060573,0.3440107365949016,0.22946535294555895,0.12278201753209467,0.12228496713063153,0.872718867316898,0.8869708182639449,0.8809551880411878,0.8760303076039265,0.8667436903866389,0.8503313799279972,0.8200673337490823,0.6430943163763866,0.4268521242017657,0.15522939610116251,0.8317627807845619,0.46797406268505803,0.6303539919982908,0.6857027030736076,0.5678925077841397,0.8314739581487035,0.8245082541150868,0.7951446666870224,0.8100639073020485,0.5279229659363209,0.8328117171680856,0.8316530770236429,0.8316530145579364,0.8852440650512554,0.8747347819705629,0.624160758172213,0.6147298185037494,0.5962673465763437,0.8825087987875436,,0.4419248268231289,0.8390383301941826,-0.030778569655170836,0.8026520483215644,0.1299896282065278,0.062498946700601674,0.12809807702346046,0.1529203994172234,0.3864301305984391,0.9148417232161357,0.9309135867161271,0.7803272218244124,0.7268512380429686,0.7764148788436847,0.771520308338338,0.6691327063420875,0.33398037878359993,0.8316531109824221,0.8150606616464269,0.8809282159071857,0.8336856917943047,0.8488907631359963,0.8469943474138373,0.869743572464573,0.7932265213334537,0.7332043977623489,0.2796505595329273,0.0764587577405123,0.8064443035561044,0.6202298978469264,-0.052655615427466926,-0.07773614538803865,0.03447625925050227,-0.01656743451703163,-0.00634663631893496,-0.02013700971570327,-0.011404347689081488,-0.01969426245025687,0.8178376161771642,0.7549180299881999,0.7507164738073525,-0.1084660092823625,-0.11458432673289273,0.7730284794305742,0.7652708606028342,0.5961260457388943,0.6224915905161428,0.016309468882593915,-0.02965417384520432,0.0461039070524242,0.04499500431122462,0.6044401045281244,0.7986138717803345,0.8576950994105875,0.8613673259968104,0.8653926469912993,0.871675808680935,0.8626828428563177,0.8468381674443591,0.8270980191481668,0.8258920655857415,0.7791615844059689,0.709841901957067,0.4884131227152988,0.008733395798713885,-0.0018832878017642797
ag_006,0.15379563127507492,0.8554883806985286,0.33116243244475607,-0.13658129378774034,-0.1415015577955785,0.055363189418531744,0.0863106976204523,0.06775134195100614,-0.03852445534112079,0.3504855643403098,0.7825415291320289,1.0,0.9252471704836847,0.8411717175832343,0.5422059372211218,0.8753859575969649,0.297829061991516,-0.04710896085909866,0.04276030940009163,-0.14049011354125168,-0.144889393381345,0.8700451734531902,0.8604449308029439,0.8139104914477899,0.8584905047005106,-0.06259773319762396,0.023858214629775658,0.2810570039197949,0.02457870678974863,0.44924251989923375,0.3631394660108037,0.03209995947253274,0.040212419113779874,0.041090604010404645,0.05119130207101689,0.1216652620346908,0.6440723931752121,0.8238343473609648,0.8292651683431644,0.5883162234040656,0.023121080441017777,0.7527030118084009,0.7931959694555683,0.7944900726400119,0.7948389296130546,0.8688413809527974,0.844473797691534,0.2069851061840889,0.10937038635368372,0.05525258040489124,0.1323961286470369,0.9254704069776167,0.9040507798608464,0.8997323713902116,0.9070085228761557,0.9103865620542637,0.9026543368250823,0.8658583939676803,0.6071949381701229,0.18986323631180255,-0.09591144284484103,0.8619066831937564,0.3635934720796057,0.5907293262687311,0.6469589524291636,0.6537550654996666,0.8753076719125699,0.8628392361916423,0.795622230564903,0.8255694246908278,0.49788707890502526,0.8586083701704975,0.8619863133967491,0.8619860781472005,0.9188358296711787,0.9202601131469512,0.6941838468041008,0.6082141741144793,0.5916149934587024,0.9221088855693489,,0.48049818648130005,0.8753467986841142,-0.1360175696800896,0.8313027142341438,-0.0643110108320354,-0.14817398857980446,0.04096278997282262,-0.07934078266757227,-0.02261343541907851,0.573606286517602,0.9059463547187897,0.9694334686237274,0.8973580566208955,0.8915539946800489,0.8940522277438034,0.7969508960714778,0.29859392132589835,0.8619862959242152,0.8336967331183215,0.8912363145630983,0.8204015909017213,0.8990582123725995,0.8864710895789817,0.9237777966809155,0.836983494061069,0.7402424007140423,0.30750786518500783,0.07085292183437246,0.8024508850233434,0.5528510027337064,-0.10214846845570288,-0.13333571203211989,-0.04794298785134396,-0.10521615277213518,-0.03190166861242644,-0.04893565058390622,-0.016667616966526466,-0.024273823612568437,0.8475122555018099,0.8365316952986707,0.8343093948116079,-0.32761728616922514,-0.3328206788821146,0.8189493876422012,0.8219038007921767,0.6467938702642823,0.6753719895136943,-0.14916388437549666,-0.19972785286534597,-0.0056603946521806454,-0.04061572518480072,0.6470266368330639,0.8313905289027689,0.8588779970318624,0.887075271509665,0.9260078108437969,0.9238648650218297,0.9164508866659563,0.9073580262017192,0.8777501340129513,0.7968114123543174,0.7269059979010384,0.7909809336486712,0.6360617018170892,-0.029045869654552612,-0.051830084060399836
ag_007,0.12516544557555043,0.7899208155710551,0.3348849886953006,-0.14680590408996952,-0.1519422334462212,0.047109382892281323,0.05494278270194831,0.011572906055263798,-0.1169506071726788,0.24247059210205188,0.6561390707454323,0.9252471704836847,1.0,0.9190043929704851,0.6415044156119557,0.8118504197880968,0.29188401525325414,-0.06157545400432763,0.03858619384361075,-0.20612059917349385,-0.21035979435839436,0.8071926328083667,0.7991834935861801,0.7594707136405704,0.8081084224317476,-0.08606099587294033,0.020171485316870717,0.34445397844859227,0.027759851317466756,0.462309074073303,0.35850563826403764,0.014713590489880449,0.02126549475887415,0.021953360638680686,0.031097962143484738,0.09509640654635743,0.6324862557675075,0.8035020146929494,0.8112600233405883,0.5068127778346179,-0.004131959188199145,0.6841782095540584,0.7587212451023709,0.7569121481535539,0.7840464509348438,0.8427045934443669,0.7710691236182494,0.16282788034667042,0.07204734743360623,0.040138386709618334,0.13288321914361462,0.8558368854546824,0.8252365149275247,0.8180188688208518,0.8282352575272949,0.8349264382946795,0.8321894257315016,0.8163936251241489,0.5896761000602005,0.13430371716779563,-0.16280125521961658,0.7983608688113316,0.3537170783819258,0.5601001680810581,0.6112843427985734,0.6595888253952074,0.8116329289839053,0.8042651265339024,0.7384417726681038,0.7775669246467113,0.4843862465799516,0.7926798553787687,0.798675403067567,0.7986752076240872,0.8439628298129269,0.851205388646392,0.6742624889473748,0.599692654095785,0.5845179600273392,0.8491088106401454,,0.4682747984387185,0.8064803585086707,-0.14403527602642394,0.7951848187806775,-0.1145405889942537,-0.19568273993334157,-0.00012438477660358795,-0.14516601678159635,-0.12131967312128561,0.4414241509263212,0.78985049731072,0.9315245646893229,0.9252530614417835,0.8875202961742877,0.8796787350609228,0.8121697197664989,0.29696111557781163,0.7986753654738382,0.7538488758842558,0.8150926524494966,0.7683921817768639,0.8452349119311257,0.8292937690246597,0.848991783585917,0.7851289596749319,0.6974408755114189,0.3138052041084835,0.07942684832763582,0.7530388880791595,0.5132330905743112,-0.12562778418499349,-0.1606551208927995,-0.047841654523406,-0.1072221828312829,-0.02696873891172024,-0.045779037729883794,-0.008482318130094375,-0.015465822066788548,0.7926350785798215,0.7937837738895229,0.7941850463213793,-0.3638368820244347,-0.3683608482871037,0.7638319587417528,0.7732323455989967,0.6261276906315989,0.6542410705891972,-0.1645182361523929,-0.21617782342930336,-0.017138707818140177,-0.05411105742656043,0.6042060271949861,0.7646440224537203,0.7818088105292809,0.8330445873326401,0.8611782417438574,0.8494973043506029,0.8424083394700044,0.8354873158756128,0.8085231963431314,0.7307536331663251,0.6718969475709623,0.782852236775769,0.6667287690730958,-0.03279902713346469,-0.05724179707671222
