,class,aa_000,ac_000,ae_000,af_000,ag_000,ag_001,ag_002,ag_003,ag_004,ag_005,ag_006,ag_007,ag_008,ag_009,ah_000,ai_000,aj_000,ak_000,al_000,am_0,an_000,ao_000,ap_000,aq_000,ar_000,as_000,at_000,au_000,av_000,ax_000,ay_000,ay_001,ay_002,ay_003,ay_004,ay_005,ay_006,ay_007,ay_008,ay_009,az_000,az_001,az_002,az_003,az_004,az_005,az_006,az_007,az_008,az_009,ba_000,ba_001,ba_002,ba_003,ba_004,ba_005,ba_006,ba_007,ba_008,ba_009,bb_000,bc_000,bd_000,be_000,bf_000,bg_000,bh_000,bi_000,bj_000,bs_000,bt_000,bu_000,bv_000,bx_000,by_000,bz_000,ca_000,cb_000,cc_000,cd_000,ce_000,ci_000,cj_000,ck_000,cl_000,cm_000,cn_000,cn_001,cn_002,cn_003,cn_004,cn_005,cn_006,cn_007,cn_008,cn_009,cp_000,cq_000,cs_000,cs_001,cs_002,cs_003,cs_004,cs_005,cs_006,cs_007,cs_008,cs_009,dd_000,de_000,df_000,dg_000,dh_000,di_000,dj_000,dk_000,dl_000,dm_000,dn_000,do_000,dp_000,dq_000,dr_000,ds_000,dt_000,du_000,dv_000,dx_000,dy_000,dz_000,ea_000,eb_000,ec_00,ed_000,ee_000,ee_001,ee_002,ee_003,ee_004,ee_005,ee_006,ee_007,ee_008,ee_009,ef_000,eg_000
class,1.0,0.2489668424008665,0.02071108234798177,-0.024872379498420312,-0.025410166740660822,0.2637510585935165,0.48791766758919747,0.34698552338778493,0.2444163950982802,0.21726209930017465,0.22437508770481673,0.18695723179035176,0.1487166057594051,0.14703603890689038,0.08114211535919136,0.23924466171644404,0.33340134738010835,0.0986735210960618,0.09406842658685477,0.22871763222081146,0.2282290791677094,0.2388531193398271,0.2385604116941964,0.24204530320912257,0.24117671568072593,0.20213160292808072,0.10227773601861827,0.1190024895297529,0.1072742689980619,0.06771433827526756,0.05687555126269469,0.12224646302729796,0.07967551583685292,0.07921861724166414,0.08525572911049717,0.11617471166854743,0.02730718289499768,0.03375256412238358,0.1985755522311225,0.2045001334498255,0.28908998783012213,0.2251068193586866,0.22342055104564584,0.2232014493860634,0.16947394722679457,0.16697470763737193,0.22199267518560928,0.0598456673928582,0.14119667469151487,0.15011988090759984,0.15333853854838636,0.2258856998656569,0.22406207455983507,0.22460160153665965,0.22485377105558407,0.22311592250015,0.2184218460167914,0.20928528463612928,0.19644513734421654,0.19878536209281994,0.20118774519310184,0.24039623555578535,0.1643118476898055,0.1534205205917337,0.1642821850178299,0.11080764646804735,0.23954808557430438,0.2398903979572306,0.23577780236197513,0.24360420175973904,0.15127342330261498,0.2488068007840073,0.24015970189407232,0.24015970189425462,0.23026415675035847,0.22189357939396614,0.12545609996447774,0.06397031944076881,0.09245468199861923,0.23047066009286227,,-0.02295566700395367,0.24947258917659876,0.08066270593563916,0.24888935173506696,0.14738270466011638,0.08862031394583163,0.3779155280940562,0.24327147431077992,0.2176946115134536,0.22289172341562968,0.22231789846610772,0.1991631430539141,0.17024851559200596,0.18640994027050947,0.17290700032564396,0.12965859595124218,0.003923616001773261,0.24015970189407232,0.2087216007537441,0.21770169030998834,0.22786558606546892,0.22527978354236977,0.23148968755154908,0.2192452182244552,0.11537635647229824,0.054007607848643925,-0.08267777435689641,0.0036633285333289305,0.1899934192672214,0.16426044270753404,0.08104338246840484,0.0723574877537596,0.0614496509523199,0.05393656864749336,-0.0064860319791655435,0.00824636399055402,-0.007141807418727682,-0.007529896492838229,0.24054253874511541,0.16086482050071593,0.15670637366975124,0.03965691071033552,0.039142567350133425,0.18026577003317493,0.18056913849609652,0.11913729568109412,0.12246881930587769,0.041135082242069784,0.03871315830476386,0.021160135379113845,0.0032143588032675073,0.1377801627455673,0.14501587137069033,0.1567811018751869,0.22785125975988235,0.22128605580208707,0.2204895309907538,0.21459188885441302,0.211504874781898,0.2087505431916758,0.19987075056110448,0.18258728508641175,0.11508689179032539,0.023227877158357082,0.031484609057187765,0.01816098326851622
aa_000,0.2489668424008665,1.0,0.3722584946910681,-0.06903426107771943,-0.0762088034605938,0.07249505440335993,0.14522209851207704,0.18727895531481495,0.17035309876858776,0.5082163033149484,0.8288834258100672,0.8550582927145751,0.7857773949544183,0.7362393567826047,0.47197552850078556,0.9628522468480841,0.31186234765019766,-0.02353696849710316,0.056372791325445204,0.15737770809377477,0.1518876868436247,0.9630880416267414,0.9620865932873813,0.9039820190810625,0.9280223874645647,0.07446930402915072,0.03307611374974821,0.2226973187876125,0.042238286015814704,0.48534801546099315,0.4563124811156989,0.03176118826140197,0.039717562310460634,0.04065274156679287,0.04854317741856624,0.13125789954988937,0.5706510545261779,0.7193638235196104,0.8360413446179095,0.6477602429372721,0.06335016739435487,0.713519925950981,0.7501285825527286,0.7538513073843296,0.7209059198464698,0.7801340739294812,0.8450284984422638,0.21134484369590362,0.1723807158544181,0.09436344353686107,0.13327039515934155,0.8832187821545586,0.9138234094053166,0.9167028803213535,0.9172326964189604,0.9057925002690864,0.8806904195762738,0.8356236404351662,0.6090974159910748,0.286510364747647,0.03594802231550299,0.9579075747976512,0.4895891094657757,0.6724241865150357,0.7357161608183059,0.6283839714308815,0.9628410770431701,0.941106597403754,0.8903355827799948,0.9086076608657508,0.5521882420577021,0.9999903329490895,0.9578614956328799,0.9578609793763105,0.9136601055084821,0.9148093606939199,0.6537099407871914,0.6612416150985985,0.6379418952235104,0.923461557095558,,0.5330291761869735,0.9801053754780972,-0.11547150813098724,0.9078172386799297,0.044262841207387923,-0.05451769168146765,0.14234223395118148,0.11018115676509367,0.1929553246353445,0.6867542618117706,0.8869424638064333,0.8621529512956331,0.8025206054514701,0.827772465115536,0.8265184456573269,0.7269107403794693,0.3613300187502623,0.9578614733577862,0.7996946603869576,0.8705544951831482,0.8122539080615426,0.8563501795964565,0.8514673186338567,0.9078373072482454,0.7921592675710317,0.6904349649634988,0.2404295310683617,0.06599232790900392,0.865483526866022,0.6367565077485717,-0.0837840397642427,-0.11664515523801118,-0.046661526817093325,-0.10613675301687679,-0.03414843945831864,-0.04070039078860145,-0.0417976410214502,-0.0483847108239667,0.9302774816812154,0.8705961146507181,0.8709641319609225,-0.1661340890791697,-0.17320451649886176,0.8769754144377562,0.8758041459958777,0.6535009950770029,0.6809166017272703,-0.015052393160286686,-0.08714168140389747,0.03504023765277451,0.03598091144727173,0.7191112513611452,0.7825355901206192,0.8289471476422754,0.8545142391593277,0.8762185809959202,0.8944618200081977,0.8945694307065907,0.8865456623675902,0.8787675128656166,0.8544652092352689,0.7978652453830244,0.7694005891678108,0.5650398423053056,0.018921622142737987,0.00508230916425639
ac_000,0.02071108234798177,0.3722584946910681,1.0,0.001801657036799125,0.005424019920527431,0.029288193705490795,0.05635782556506847,0.03321654168323371,-0.004774890530125147,0.14128087239672757,0.31443016010202196,0.3389425153760316,0.3339462827335623,0.37129765509047596,0.34745422993553543,0.3532539788576409,0.12052999789378271,-0.23491653837001222,-0.005592577783471511,-0.026773724438756915,-0.029663361116468223,0.36538109384596495,0.3529762992649731,0.36192066964726405,0.4119940056149838,0.0299725876456674,0.005151984849081388,0.20546153992805422,0.007569092166296382,0.7563803445767463,0.7417226256445111,-0.004893701379649668,0.0033307721062886407,0.0012536085932374076,0.0030412008324137416,0.030555009582401146,0.2431152987461347,0.29319610721814715,0.3204824968744331,0.24193959849358157,0.018836326224460985,0.15462573096584192,0.24373358114410282,0.2506708668236825,0.3112004735615031,0.27627648385109066,0.33624110917253774,0.15641017928493878,-0.09437939483851743,-0.07791619259180767,-0.004851466428713555,0.3355588928502086,0.39672917255860396,0.3704605758026321,0.36616967950985485,0.3526824787635747,0.3187209502260292,0.31450411115619664,0.2487401517560656,0.04811166077870309,-0.08780098780463658,0.36759026346234036,0.27414018801395085,0.3183890730704185,0.3531033754052611,0.1755338624789232,0.3531456681206752,0.3727857861597696,0.34412121741723173,0.37648396577672383,0.24396775964534792,0.3724643213461399,0.3674688682837275,0.36746745000242986,0.37387141087652165,0.37879473070428876,0.08851095850291577,0.2918260567893191,0.2699104890863676,0.38570454905063667,,0.7103133387826395,0.37552438628971424,-0.007562028171889541,0.37227896670290517,0.05439557151397376,0.0949119506733434,0.026775297315340844,-0.0348468131084222,-0.0050883011289186465,0.22788803418323933,0.32018718349369774,0.3564335127770598,0.37684053208196294,0.37006794906703927,0.3536845626742521,0.3475070997459329,0.49933778129547934,0.36746883149943205,0.294934365971471,0.35045041010856104,0.3134026707624733,0.367473840426012,0.3058762255312691,0.35653013541965217,0.36533126236643226,0.3623382631552493,0.33279673192553344,0.1285198204437171,0.40698611267732393,0.4054911488095141,-0.01952542025576244,-0.03517069063252979,0.03808054440545801,0.012004723219486556,-0.017186517997466535,-0.014757253731409289,-0.036565898615579184,-0.04164223888454617,0.3854981935719315,0.3754719554816782,0.4366175723742902,0.01024317466027114,0.004794591658540519,0.39024042347563803,0.42072716820904627,0.41029731268551617,0.39415947600761003,0.18484541576463512,0.10872588006670278,0.05583464079253566,0.07468818661995023,0.2497553035704395,0.30464240772561224,0.40399040507997336,0.3640352118782389,0.3665143748485571,0.36364216639633257,0.35345461808793915,0.34093073996682366,0.32701257898091163,0.32382008949014823,0.30561178694541635,0.3002527867781554,0.22255044092687964,0.04038429593565436,0.046175067863397874
ae_000,-0.024872379498420312,-0.06903426107771943,0.001801657036799125,1.0,0.9741392925904586,0.003065315335587695,-0.01337437303063755,0.03419157406314875,0.12318225235670678,0.057090584675716,-0.04382245190399736,-0.14145500531721902,-0.15344567614945537,-0.12187073423482266,-0.08415869227462282,-0.08337783377861951,-0.03498332497769908,0.12139029634270818,-0.01182276056074695,0.13923176892214498,0.14192234063837683,-0.07166584448769633,-0.06607927223240696,-0.037045465045759354,-0.08639524839753437,0.05541191493337907,-0.0027045081921042704,-0.04880705854652872,-0.005844518850676977,-0.02766692473765886,0.05330862854071093,-0.018340882498286165,-0.023678503122033418,-0.02382263264842155,-0.024075223641106296,-0.012943885227746484,-0.15018410025022705,-0.16257964735653185,-0.05585783337671702,0.0005856098309988057,-0.011937405798891442,-0.03816018892990587,-0.045396828692168545,-0.04868538385544449,-0.09196258571810272,-0.1459309974520672,-0.07705601881354232,0.053413277978535366,0.05144966988720051,0.04975288982822298,-0.018310715642527304,-0.07548038337497284,-0.08090644828253359,-0.0747186481068284,-0.08240542037545562,-0.08859407260562221,-0.0984496211995011,-0.09362409810666607,-0.031119193808650674,0.11425861588881557,0.20042235336103623,-0.06044633148212368,0.05283262179554059,0.01783207366260373,-0.007357857697024343,-0.09171240753988107,-0.08404720402355642,-0.07871759825505245,-0.024933961198453463,-0.05835809659508359,-0.02156735272726966,-0.06830352481725613,-0.060457226565263124,-0.06045763356935983,-0.07582963337423253,-0.09402573987054096,-0.14331754686226444,-0.059801364122946385,-0.062451354930188885,-0.08837742408734174,,0.008692826937824201,-0.07417207889240171,0.03942194019840022,-0.06396038909243888,0.16808055916953515,0.16906325379566725,0.013638490917789917,0.11620005870953694,0.1284276773817155,0.0018081880390094195,-0.09226054741906109,-0.12080324242599207,-0.10095769894616309,-0.0808922702866819,-0.0862002277053285,-0.0800454321587196,0.039631500875453564,-0.06045747112173582,-0.04751257458728517,-0.06346029300671059,-0.03614775508400611,-0.08699708987785318,-0.071038276262826,-0.08115968326021963,-0.12094591817028184,-0.09877275546961778,-0.042016857126530735,-0.002188106706036721,-0.041224215497462115,0.04260540950308341,-0.018384805085957044,-0.024156286190325962,0.05592361108550409,0.053647406516827985,0.06064215799492932,0.06625055954335778,-0.012664491927287736,-0.013352686197725961,-0.06882113056113674,-0.11706355286508767,-0.11610420221358919,0.342274993417113,0.34425058263221703,-0.0659120295395538,-0.06831777493833123,-0.059070392366250626,-0.06509273620751138,0.22811772515650233,0.24222823685767478,0.18064476450033753,0.33134198761167016,-0.10125277104910908,-0.07880403366768207,-0.05926348357870253,-0.07395862478101183,-0.09634540404483025,-0.10258509334585876,-0.09567754171620607,-0.096453068083613,-0.09674251774353317,-0.019672807597576867,-0.029507799055312155,-0.12482300305751687,-0.1337957283976969,0.17703258578512776,0.21489043623013276
af_000,-0.025410166740660822,-0.0762088034605938,0.005424019920527431,0.9741392925904586,1.0,0.002554493929628252,-0.013974030874090408,0.03198673885447009,0.1196295641665919,0.055766950894833626,-0.050218064546967485,-0.14792770531263383,-0.15930814706435,-0.12720306511658022,-0.0877081481480329,-0.09051280321961512,-0.03683510451324131,0.11923996363019237,-0.012266281771600987,0.14098069853988013,0.14357279485364874,-0.07832239059070535,-0.07279705295075521,-0.042339638025976865,-0.09271195570627548,0.05463474273473145,-0.002763204139673788,-0.05049767671777059,-0.005971362456856435,-0.030439214814761167,0.0531658792169381,-0.01875195728954364,-0.024313486496614398,-0.024460669540843735,-0.024718073628996383,-0.014024469577942183,-0.1544007847173221,-0.16809939673433955,-0.06168335606506989,-0.004418645024333065,-0.012519326451914855,-0.04613215260927071,-0.05240599602785558,-0.05415667354194495,-0.09552401774963556,-0.15289819382635825,-0.08423299621323452,0.05520957518478766,0.04891099594631324,0.05026222702871301,-0.019358184169667836,-0.08215140782453682,-0.0875681517085968,-0.08180825373407502,-0.08936691529314374,-0.09461869201982706,-0.10340631825729112,-0.09822997487853113,-0.035035418978888275,0.11407017620634807,0.20531804448778357,-0.06689762687976006,0.047670271311807386,0.011188747691883393,-0.01509574419820885,-0.09672362350103902,-0.09117706013150004,-0.08518339035791328,-0.029705164858250397,-0.06505440479292905,-0.027282470570351516,-0.07555992243856322,-0.06690868835175831,-0.06690908716499307,-0.08163968437210091,-0.09974061293706107,-0.14727747917001338,-0.06658887016421795,-0.06974692972265664,-0.09475358214354654,,0.004414853979285816,-0.08120638813112559,0.04124152530759335,-0.07034608546890038,0.16611566506581196,0.16943363047949297,0.012086058115571244,0.11388342750818604,0.1302146110182505,-0.0032950355486490147,-0.09912606560908788,-0.12750340628365528,-0.10812053487332016,-0.0887114336305817,-0.09375398938320774,-0.08611613931957919,0.035152096804721984,-0.06690892796593924,-0.053065213006565456,-0.07064067923720063,-0.04341334491157812,-0.09380968811132401,-0.07697595841110237,-0.08776939568302705,-0.1282385322017539,-0.10586976468642528,-0.04598301454684242,-0.003943879529752696,-0.048226821212053364,0.039298726760906844,-0.019225256805986968,-0.023192886532280292,0.059189352569417805,0.05559586024184327,0.05906234432360676,0.06452086707697742,-0.01294003609588373,-0.01364320356218083,-0.07467066530315145,-0.12375578114654487,-0.12294064068519808,0.3440681359179442,0.34579713504270954,-0.07204486493358848,-0.07453497881672376,-0.06216388908598496,-0.06850593094594325,0.22919766171246894,0.24498050461343165,0.17703966332026316,0.33017443543902425,-0.10648292904814911,-0.08757542608492055,-0.06525070014258906,-0.08052668756011262,-0.1026595011801587,-0.10910266455639132,-0.10165314030667072,-0.10206110858958334,-0.10274997859964058,-0.026407847261882944,-0.035569756824502495,-0.13130052741890874,-0.13845730416255836,0.17331036120265558,0.2140880865563641
ag_000,0.2637510585935165,0.07249505440335993,0.029288193705490795,0.003065315335587695,0.002554493929628252,1.0,0.4883292092135476,0.25719395681369706,0.13174072740358045,0.0851700178316472,0.07279158345040294,0.050867940887237784,0.03276940422386906,0.036736772165648746,0.014488674517412791,0.06634773617608454,0.09885196513518169,0.005683000426693851,0.01238414465583826,0.07714033293168492,0.07702835417842717,0.06568102769067116,0.06697863416644567,0.06888567820458814,0.06680323970339078,0.08642487225894123,-0.0014834736407627934,0.013198148697620211,-0.0020985501619454365,0.04846787338680109,0.04284616375931248,0.014240456131047382,-0.0010367011149587256,-0.0011215538882064083,-0.0015280436045816712,-0.006515037294723569,-0.020871624283791336,7.311059960750758e-05,0.06953744683691167,0.0721917709382154,0.20735049470581426,0.07358057759981901,0.07268814809748692,0.07242933479627715,0.05364711755221567,0.05532076111474211,0.07551888697047533,-0.0022292660704624602,0.036084541668585775,0.028811772516377506,0.036782491214619246,0.07212985310507104,0.076180359755073,0.07418443025230678,0.07565926564567733,0.07579132600097788,0.07461132806646038,0.07286784463602283,0.07061075749776277,0.08104525101440943,0.0882739960392431,0.06841913639130719,0.04316436433594447,0.03699468162875383,0.043014003648441455,0.013084035445211157,0.06631313230046336,0.06644005564729472,0.0671403384735021,0.06695903262249317,0.041788436422512114,0.07139941679401463,0.06848644571461865,0.06848644571467202,0.07773587944885092,0.07698766561867551,0.03698180246095723,0.016937774045138815,0.024701552947385307,0.07640290240185903,,-0.008631029100449874,0.0713904923225526,0.029179025975228836,0.07387125781851764,0.06580445186229131,0.05838828162178834,0.24105110564614673,0.1239277831353661,0.08024819676693755,0.0768241689494645,0.0714698405645267,0.06167496347505773,0.047962830767020875,0.05454844248841372,0.047283430143715735,0.03239507918105208,-0.0034436794973595895,0.06848644571461865,0.0653777476654816,0.06877322712946318,0.07325663016170829,0.0766439024806834,0.07507768304614336,0.07280035505807407,0.02512623980005565,-0.00798439397728001,-0.026010277746251063,0.004367678051031433,0.05297820831797821,0.041007649968748006,0.03251768527163267,0.024713710549965875,0.0010083220799964655,0.020989144453725222,-0.0028674591706226694,-0.003662032082734165,-0.003188298614305043,-0.003361559126971306,0.06811989369059411,0.039876022549094,0.04043006063498435,0.028963815600702707,0.028717825453423003,0.04228649210852391,0.04361569243400832,0.03406991093499633,0.03445632064565072,0.044206332889808034,0.04377504948932105,-0.0037115326482641386,-0.006226195590549426,0.03606492744711015,0.04379624320812964,0.047160407307997615,0.07482754213010617,0.0707260565363701,0.06965111659630639,0.06724004965750971,0.0668574834522135,0.06593828290711691,0.06721499167828668,0.059435285962465334,0.034241972663747844,-0.008335395795711758,-0.00349548901725939,-0.0047574996569907475
ag_001,0.48791766758919747,0.14522209851207704,0.05635782556506847,-0.01337437303063755,-0.013974030874090408,0.4883292092135476,1.0,0.5296380962418495,0.2817699202266112,0.18306963562245163,0.14164635705123996,0.09149506898329338,0.05259632213575778,0.06490299611023011,0.03939828725513328,0.13756303059940703,0.19228570533445288,0.046526202578063384,0.03633357285037751,0.21405584613240872,0.21321706464914084,0.13719307765204095,0.1416236309448109,0.1463588162002212,0.13749116533322006,0.26325826096460253,0.08524541405521736,0.042348526310833134,0.0897414079753619,0.1214303199144353,0.11371762776984402,-0.0019715641421263986,-0.013312314822971896,-0.013419472321469334,-0.01394188778755754,0.0030285264419180956,-0.05951414932704803,-0.03685436274597429,0.13764195854592387,0.15647519899368892,0.3711039179699979,0.1587206051650245,0.15146478219636753,0.1499879793938272,0.10432506860448772,0.0956705572150024,0.14774045471274114,0.007070568084953488,0.09272545852579966,0.0661119219464087,0.04530171250117438,0.1445157671713942,0.15067716794593985,0.1512458298488209,0.15055271217424673,0.14836224113348162,0.14230640889811447,0.1334291165469324,0.13562156733072211,0.16932417713645867,0.19418396221966977,0.14297468743806696,0.11324934266428387,0.09116601593921116,0.101003986403055,0.02787921135088568,0.13797522450134786,0.1396140526066522,0.13803858611350817,0.14824185349180385,0.09368222786884514,0.1446780174372058,0.142567591315914,0.14256759131602512,0.14531217259037452,0.14468465371184538,0.046058593088592226,0.03681004241262425,0.05364229680378771,0.14461701663092866,,0.02006378771162496,0.1422303561177192,0.0909276404983798,0.14932341737456206,0.1890288663715837,0.15892613749799467,0.6076127298707783,0.31015855922833874,0.20051179959101456,0.15801651520262824,0.132716839288916,0.11158810349851435,0.08489888224701034,0.10110211697837253,0.08247110632248256,0.052202935603251656,0.03408068773203389,0.142567591315914,0.1388636651542785,0.13892000685726658,0.14877860352927308,0.1503016645814868,0.15242933766299913,0.1434360272817066,0.0432710271841595,-0.00844942510991132,-0.05642065172500501,0.0011380883244857469,0.11360062723981118,0.1093600990275476,0.06876391383892616,0.061050405214907344,0.05283618899023711,0.05371528020797808,-0.005544131397538068,0.012285908802641271,-0.006164463171225305,-0.006499456275248468,0.1445934245512541,0.08456266051681016,0.08382662247570084,0.07359107774072483,0.07293137034262888,0.09907996459403237,0.10019020748971381,0.0373285019968319,0.040890862953301355,0.06570328050639686,0.05303177117328443,-0.007523985605143399,0.0035398223251691197,0.08244055194594908,0.08773414339826166,0.10259273115018125,0.15447582452588474,0.1397234462115528,0.13973244181668276,0.13726601419776402,0.13668383497795794,0.13769208471246133,0.1448431893682162,0.13713071201421909,0.05233145896888867,-0.03959213646026838,0.021419964922765072,0.011470775672384614
ag_002,0.34698552338778493,0.18727895531481495,0.03321654168323371,0.03419157406314875,0.03198673885447009,0.25719395681369706,0.5296380962418495,1.0,0.527490090282562,0.3262053635340742,0.19597701112577323,0.07660591137860918,0.013360683748681467,0.039903689090335336,0.020262017969711353,0.17234902422001158,0.15419086590217718,0.09052449403246796,0.05590050541761323,0.4063674853749704,0.4052325039527997,0.1745230146485688,0.18333200136849315,0.19481870741655843,0.1676771762566137,0.4277034499906115,0.06742682919263865,0.017372895819944244,0.06969096784002751,0.1462003360187435,0.15528464775937856,0.058121726405877296,0.03254268379768974,0.031878364209916195,0.04902068595405139,0.10691121910609117,-0.0879394018057382,-0.0887530438765483,0.18550845879210925,0.2448837333033353,0.3139618477191148,0.23342816390284885,0.20335035977959395,0.20128762425134503,0.09897356679141452,0.08790825906494355,0.19326088458756974,0.03897072348285866,0.21414591187161736,0.1703013555427784,0.031195832254583663,0.1883488263407509,0.19958640734129454,0.208350718651832,0.2012657579232804,0.19103645305429248,0.1734968807189862,0.1518378973588714,0.17328031712191855,0.27643300935481185,0.33526336539962126,0.18490247729620152,0.17404615584909158,0.11127408990651623,0.13008677281481215,-0.010361774234748026,0.17399419731183535,0.17778803655983016,0.18147273130567937,0.19992615263254432,0.12209976748949672,0.18680311514446893,0.18276362854450334,0.1827638174144299,0.17591725327090837,0.18627672541271983,-0.007939061253370369,0.05186463926125621,0.0681532279912352,0.17295419100641324,,0.03836303424004669,0.18168001186905425,0.15085693037545259,0.20116042427642783,0.32036271690079166,0.2918316003208735,0.7941561163177502,0.6020053264650171,0.3792722367555541,0.2537013036127645,0.16580739558165722,0.11304301797136597,0.08369234970824524,0.11195943263728617,0.07655190642167987,0.028690079153955654,0.08706280359353329,0.1827640654500437,0.18827000862747298,0.1921378632278191,0.21129152644116525,0.19211304557952685,0.2090010123636919,0.18485961868396064,0.07238117252171923,0.02696400308550551,-0.08468845361896522,0.014494734258727075,0.136127421403981,0.1652864999167689,0.10394542239331533,0.12017802223034396,0.08737301084146817,0.09695684073659255,0.005740590584215682,0.02193627391713878,-0.007996775096805431,-0.008963471151348974,0.18735003604059253,0.0474476338063037,0.04721294360946428,0.19142437766042164,0.19080698048857692,0.10054857686812448,0.09751480910929756,-0.01847763703957977,-0.013091157165022854,0.15817918086388055,0.14952556201560166,0.012574059212813533,0.029989318482262918,0.07287232400189012,0.1292362120381941,0.13748559489603265,0.21200740970215007,0.1755240325286736,0.1739308194287364,0.1680183667396237,0.161295218398211,0.1615007105843541,0.20434584585616095,0.2093575949437371,0.04403965495973613,-0.1066897699782165,0.05415146748147738,0.02351801185989338
ag_003,0.2444163950982802,0.17035309876858776,-0.004774890530125147,0.12318225235670678,0.1196295641665919,0.13174072740358045,0.2817699202266112,0.527490090282562,1.0,0.5980477966309713,0.2641452621916291,-0.029871037037815126,-0.11665934913524206,-0.08206446646891301,-0.07696751165427623,0.1513584380530014,0.08577208148577042,0.09729446315688321,0.039590967042793405,0.7567350448788381,0.7544573479823928,0.16073078310728733,0.17294871654327032,0.19588808271083438,0.14081656041336355,0.44191621053544394,0.053875889625295055,-0.0493926315185716,0.054623186550711376,0.08806875893348387,0.15287187613930966,0.13005954037220896,0.1293808129656586,0.12993763351133555,0.13959336706204586,0.1586730196798327,-0.12899568915579035,-0.17040118771594545,0.18114585577637907,0.3184205841451203,0.20942798397411008,0.2425399798607286,0.18148674073177753,0.18127957229268266,0.04606830260619891,0.004968339340401733,0.20700998488943376,0.15795388128812937,0.39121044239017333,0.29323876773095553,0.03308876012517922,0.1774078668048379,0.20320444560051576,0.21687999469469924,0.19832446992684497,0.17442071236403628,0.14177043609834541,0.11375801820834937,0.19066777997177772,0.4026174757476969,0.4770620773095515,0.17735323780927748,0.24382948022051917,0.12602930702739673,0.15496237881079433,-0.06432104219714886,0.15290341361710305,0.15655086159463763,0.1832127036114358,0.19621998561770942,0.13794866060437494,0.16998723596524049,0.17580020966693988,0.17580304912844688,0.1734417059300405,0.17006879603338793,-0.06362895578188753,0.06205199229511018,0.0771268551880394,0.16499455810179894,,0.03174075414648364,0.16466637157898517,0.2254041424322553,0.19157312047992656,0.40239454821697734,0.40054373390646086,0.42072432549175903,0.8525591499805589,0.722091877643311,0.4015536697057768,0.1514826100308592,0.0266723614560424,0.005409993337848136,0.05722041790170924,0.01762572637114275,-0.041506791813498964,0.12012649360785041,0.17580040103958366,0.2048174685180498,0.20690997798553526,0.21618384736020577,0.17322719547565196,0.19870052109069933,0.16748930167817877,0.07166023900383743,0.058951408124219,-0.07275461464641088,0.025362220358662913,0.1542195178709199,0.21756897122199986,0.13214741182208709,0.15667216550082746,0.1365037780704196,0.15922393530768078,0.04369272234063849,0.05701617101284273,0.012566911967687219,0.01285731692105864,0.17575645725142905,-0.01501826714599441,-0.018848148604641485,0.3348562489545,0.3336689501460121,0.07877136888483761,0.06613254764014044,-0.019486459646164876,-0.021633887372473723,0.25934739197248113,0.26541355330772576,0.09311805172690368,0.12400678322480976,0.054305505414625324,0.1475083533223098,0.17004245988962843,0.21672034773482055,0.1563845677392517,0.15859665533677444,0.14633853038322564,0.13014240720377315,0.12493633651658771,0.22601494445806275,0.2525025948231915,-0.00011668101078091374,-0.16787957100577677,0.07860449143937205,0.0748700234860463
ag_004,0.21726209930017465,0.5082163033149484,0.14128087239672757,0.057090584675716,0.055766950894833626,0.0851700178316472,0.18306963562245163,0.3262053635340742,0.5980477966309713,1.0,0.718461266945254,0.34705357846529145,0.2340162311160436,0.25661207864793223,0.13906240611581905,0.503111997457322,0.19009976056127004,0.06631317331260503,0.05832768125447117,0.6490099320113764,0.6476896055023514,0.5100102617339284,0.5132121190153063,0.5337715210974634,0.493529291226812,0.23326840707226495,0.03703913854998149,0.07855224590136978,0.04587678201185078,0.2378348987420268,0.285849067658134,0.11079033463402801,0.12957831436431547,0.13055210811418472,0.13755348565174802,0.17974683422925186,0.20385571206699893,0.24346594956715897,0.5246455916822489,0.5628482597711507,0.12677263455905813,0.5350518863202129,0.49221309228226745,0.4942829670199366,0.40975278426236816,0.37945194553620076,0.5741028690035174,0.3686023356537776,0.38191263428280664,0.23194722727268308,0.09409776921371889,0.5552576156076986,0.5797874265670027,0.5833942367751904,0.5720446960836505,0.5578829326377365,0.5354240819411853,0.516414050259047,0.491542918843269,0.5349723863787688,0.40386077007490495,0.5241671360981796,0.39774563619252823,0.3953864568430343,0.4373159173197655,0.2729778046659781,0.503804054846002,0.505835748166587,0.520291330070121,0.5294698907114435,0.38127756325726486,0.5087428489260248,0.5233620122958181,0.5233636465564906,0.5699015927798912,0.5581416833777292,0.2996153042126347,0.37421259869903356,0.3661201496365436,0.5577919395660816,,0.2255359364763569,0.5112420231016715,0.1389122244200159,0.5176407591853355,0.30417510752310833,0.2762660147738612,0.2565079829418854,0.48612670216243514,0.8337114466729677,0.8170334056508453,0.5701366183262455,0.3940290869518414,0.3681863170604488,0.4202644973755661,0.40122070015751404,0.3226444309733279,0.2589540036033375,0.5233620932611313,0.5722254194816225,0.5993906560711619,0.5663506258031914,0.5387832418532129,0.5579080859935847,0.5494209357324076,0.46895818474678375,0.4446698738738242,0.11499321528948396,0.05143104758448447,0.5274540212452975,0.5005408932093911,0.06861567907799718,0.07164991201051674,0.11599031322787791,0.10968708565852846,0.006669791056582346,0.027376076921010545,0.0041797755632900155,-0.0007999552698766914,0.5225682610054472,0.3759782390083715,0.36358326290225745,0.15898792929158323,0.1552040876371757,0.4429691797973155,0.42937121271820294,0.30897532999176636,0.32158991649527646,0.16279409425130464,0.15129149535638065,0.07514349567595363,0.09785665256163743,0.3367918076291276,0.5222432408305633,0.5730952207303261,0.5849413044656269,0.5449724993823722,0.5467104601698524,0.5321969507714238,0.5122906239201378,0.49269943381444586,0.5758274184360356,0.5799219327197122,0.3798165805067269,0.16880352949684496,0.05077648230363215,0.0444861678981178
ag_005,0.22437508770481673,0.8288834258100672,0.31443016010202196,-0.04382245190399736,-0.050218064546967485,0.07279158345040294,0.14164635705123996,0.19597701112577323,0.2641452621916291,0.718461266945254,1.0,0.778289512461938,0.6476436798396934,0.6175275757678819,0.37209274452818786,0.8281758660445813,0.27179382523074946,0.007158943474192469,0.05423063893023777,0.2342710695462606,0.2296762649780228,0.8290170080513434,0.8250401323297587,0.8057705952960413,0.8154632672432364,0.06866649056354787,0.032868898194550265,0.19015877096386055,0.04545773338451144,0.40922633139418463,0.3993442481592168,0.08044952411354823,0.0921951282867265,0.09333106789330838,0.10108609388339705,0.1706709589464338,0.5400704562133768,0.6762236605113917,0.7763328398802789,0.6884698020062932,0.06766194303243439,0.7354659703501374,0.7405508691941398,0.7408664062848179,0.695203158505823,0.7264520552851023,0.8716578262912287,0.34122844605937314,0.23051454764864213,0.1214011865566017,0.13025675692431235,0.8686072985155399,0.8856255763695495,0.8791685088611515,0.8754561793530732,0.8663632828528689,0.8484070713832618,0.8192355621124271,0.6470163207368553,0.42807768767735294,0.1615667126057121,0.8291144598603846,0.4668040232269999,0.631752525524337,0.6850149399464961,0.560143032604629,0.8283088248899587,0.8216200689124455,0.7934035000124336,0.8076044729858992,0.5286530620826699,0.8305236412542537,0.82905621430305,0.8290557600629032,0.8831105676833011,0.8724093153708627,0.6198966421368514,0.614950394204066,0.5923643117649212,0.8797807258498919,,0.43379248820773453,0.8373949323594604,-0.03802498212065151,0.799299017326634,0.12356473867784584,0.05597252555166903,0.14438820803555308,0.16830540740985256,0.3978002523589311,0.9160827401729296,0.9304059757483325,0.7762946956636573,0.7218508048884509,0.7704921234662127,0.7648146647386027,0.6603577225471566,0.3342682726615739,0.829056183018347,0.8128356188226744,0.8784480821920944,0.8279283745853708,0.846423135191914,0.8427463635057413,0.8674860189182008,0.7924493086216409,0.72725951977148,0.2711027661023652,0.0707452612574664,0.8041589378659599,0.6159928216552577,-0.05636668255828715,-0.0815718259721346,0.02363106319110351,-0.025937334914064664,-0.021329488823562483,-0.021992142470066485,-0.01738393187492152,-0.02448566712286852,0.8152246870562334,0.7565887789684322,0.7504021698896055,-0.10665456726836267,-0.11272038186695825,0.7743393973265664,0.7653188905973135,0.5969166391558817,0.6218158764159061,0.021953156818551523,-0.02209195316639454,0.04675718335712336,0.04424121452790172,0.5982309357954604,0.7928991501416652,0.8509628365264991,0.8574880317409502,0.8626923093029875,0.8693094702883299,0.8596486176590695,0.8429717889118422,0.8234611602602089,0.8240338376478759,0.7783381687508208,0.704831066920263,0.4795309541513911,0.007024596406057382,-0.0010977084438015497
ag_006,0.18695723179035176,0.8550582927145751,0.3389425153760316,-0.14145500531721902,-0.14792770531263383,0.050867940887237784,0.09149506898329338,0.07660591137860918,-0.029871037037815126,0.34705357846529145,0.778289512461938,1.0,0.9245619246432868,0.8420935088561922,0.5440058253719853,0.8747457730605627,0.302050278307976,-0.04317924146945235,0.04414292715216441,-0.13218946796283154,-0.13734894664548766,0.8692193006501606,0.8593449359835008,0.8118132232145944,0.8572620953152463,-0.05573013283029387,0.027632352992951744,0.28163640579042115,0.03639891051313525,0.45242324407980306,0.3709750053679808,0.04341816336615101,0.04318572778652343,0.04314590007424207,0.050239708062413985,0.12106349815642875,0.6370069243719021,0.8182983659108077,0.8289034520401758,0.5890141255400694,0.018596828855524033,0.7455898235108153,0.7870593566647429,0.7898378514689502,0.792378649955247,0.8656302325190665,0.8425979612564424,0.20873666158527823,0.11692527259497792,0.05789380731935577,0.14746152095479267,0.9262201683798719,0.9027758312042172,0.8986214143011374,0.906038935047866,0.9095999973799779,0.9013826223404683,0.8642387448908027,0.604901108048557,0.1843525682994829,-0.09470347488029904,0.8602315535566466,0.36095596563902543,0.5903607175112173,0.645272159629287,0.6515699922943637,0.8747301927877112,0.8626857860201534,0.7938202878631381,0.8239311051904442,0.4943456426661575,0.8568818223493478,0.860393607579008,0.8603925896714041,0.9179901962343938,0.918394841375656,0.6906445908504445,0.6063276645616175,0.5855790142049696,0.9217848910047073,,0.4807400108443567,0.8737579911142449,-0.1460677817463587,0.8302362892350763,-0.07044461273617668,-0.15209616920261226,0.054861951093552457,-0.06900001701872427,-0.019741838873605037,0.5683924721013063,0.903727906098841,0.9694133485349049,0.8976183258611674,0.8934732546696399,0.8929295751378166,0.793524931612907,0.3044226506151878,0.8603935346258247,0.8318193681898246,0.8899645416433027,0.8176096095600998,0.8976207446969026,0.8845828948881522,0.9246369010562894,0.8346965768646086,0.7332402032916345,0.3020445632613919,0.07143575220325123,0.8027051122017621,0.548138086606598,-0.10223379053180943,-0.13358779464857018,-0.05847072002654031,-0.11980714845820697,-0.04482947115573633,-0.053105543566950075,-0.023491096281796547,-0.030729752567135612,0.8467247118172513,0.8401674948413724,0.8376849085583135,-0.33431205557330856,-0.33953164614368764,0.8240267116769702,0.8279095304259271,0.6490663299547133,0.6778972029146972,-0.15173282597900117,-0.19984712258817036,-0.009884686754971,-0.05197319276964041,0.6493055703632645,0.82843071872324,0.8542026707573085,0.8869319974037909,0.925804776372721,0.9234046043303729,0.9152366862404262,0.9042957481576476,0.8760054340348062,0.7946645081226075,0.7231481854300025,0.7853253305516743,0.6284264521176268,-0.03870604350939008,-0.05522464870780182
ag_007,0.1487166057594051,0.7857773949544183,0.3339462827335623,-0.15344567614945537,-0.15930814706435,0.03276940422386906,0.05259632213575778,0.013360683748681467,-0.11665934913524206,0.2340162311160436,0.6476436798396934,0.9245619246432868,1.0,0.9188129567721568,0.6401894231534593,0.8076005923072128,0.2917793194781185,-0.061981144268037615,0.03842593065798673,-0.20466824882796206,-0.20910495438408738,0.8023787510552927,0.7941714989571959,0.7534804507934432,0.8028384875725875,-0.08240391301240753,0.02343206538075313,0.3412238379220573,0.03584307164146422,0.4602356044930118,0.35981527894247844,0.02279695181796998,0.02158239050649148,0.0213933231355374,0.027865602156722187,0.09103341558072549,0.625731035283014,0.799590235522996,0.8087639161270616,0.5053641745235443,-0.010175019254168572,0.6769657628377715,0.7520380984416878,0.7522675758482279,0.7813009072137073,0.8385942546128567,0.7657498435263707,0.16492279336050633,0.08165961088319329,0.044213522434389085,0.14634637937762737,0.85350979810118,0.8197930927048425,0.8134436629712767,0.8233566688688052,0.8303330602316279,0.8289387059555875,0.8140067606840357,0.5836752850317156,0.12522383590915218,-0.16657178861336788,0.7927170085378594,0.346972535953979,0.5584047920306421,0.606912224910757,0.6600161229539154,0.8074091278183984,0.800808908814945,0.7334840307547481,0.7716400661490597,0.48080361524737775,0.7875423365839026,0.7930081891963563,0.793007563592106,0.840078979153159,0.8468866787715462,0.6705877420483397,0.5966669177604397,0.5796034380498452,0.845557623548068,,0.4649167000861386,0.8004735823612147,-0.16335182321216146,0.7900857434685766,-0.12473997329627225,-0.20144035845801353,0.011373386851945375,-0.1421369293919356,-0.12551337748528557,0.4317606225290513,0.7839348126320357,0.9304843115412458,0.9257638844317044,0.8892781600219447,0.8795556100095203,0.809667403067659,0.30193989160908735,0.793008155261252,0.750200819764081,0.8109734482842081,0.7627407871525612,0.839705198289404,0.8252482207975845,0.8468117983195931,0.7808743212666358,0.6902687428482962,0.31033269312726125,0.08312692733220658,0.7490194787040045,0.5052142156400513,-0.12661962722161224,-0.1626358393649871,-0.06306335254900496,-0.12607179564051707,-0.041855112006315004,-0.05408179450930794,-0.015812083865314516,-0.021425727357051536,0.7882214286547835,0.7938726040010778,0.7951996713032546,-0.3715309176721503,-0.37619708535533813,0.7652111246404208,0.7762009074803472,0.6244552545699449,0.6538878427614242,-0.16965625081269073,-0.2185000247925094,-0.022252981514910303,-0.06450968563941613,0.6035098617628286,0.7623632663736701,0.7767703491251793,0.8298087208629025,0.8572577172922127,0.8456194043659588,0.8385038649308455,0.8306721616396898,0.8059458821674418,0.726995274508374,0.6661063497244746,0.7783214135695008,0.6605693796543985,-0.042530155620256846,-0.05672919202409368
